eye movement type to number: Error = 1,Blink = 2,Fixation = 3,Saccade = 4,SM = 5

FRAME;Eye Movement Type;
1;3;
2;3;
3;3;
4;3;
5;3;
6;3;
7;3;
8;3;
9;3;
10;3;
11;3;
12;3;
13;3;
14;3;
15;3;
16;3;
17;3;
18;3;
19;3;
20;3;
21;3;
22;3;
23;3;
24;3;
25;2;
26;2;
27;2;
28;2;
29;2;
30;2;
31;2;
32;2;
33;2;
34;3;
35;3;
36;3;
37;3;
38;3;
39;3;
40;3;
41;3;
42;3;
43;3;
44;3;
45;3;
46;3;
47;3;
48;3;
49;3;
50;4;
51;3;
52;3;
53;3;
54;3;
55;3;
56;4;
57;3;
58;3;
59;3;
60;3;
61;3;
62;3;
63;3;
64;3;
65;3;
66;3;
67;3;
68;3;
69;3;
70;3;
71;3;
72;3;
73;3;
74;3;
75;3;
76;3;
77;3;
78;3;
79;3;
80;3;
81;3;
82;3;
83;3;
84;3;
85;3;
86;3;
87;3;
88;3;
89;3;
90;3;
91;3;
92;3;
93;3;
94;3;
95;3;
96;3;
97;3;
98;3;
99;3;
100;3;
101;3;
102;3;
103;3;
104;3;
105;3;
106;3;
107;3;
108;3;
109;3;
110;3;
111;3;
112;3;
113;3;
114;3;
115;3;
116;3;
117;3;
118;3;
119;3;
120;3;
121;3;
122;3;
123;3;
124;3;
125;3;
126;3;
127;3;
128;3;
129;3;
130;3;
131;3;
132;4;
133;4;
134;4;
135;4;
136;4;
137;3;
138;3;
139;3;
140;3;
141;3;
142;3;
143;3;
144;3;
145;3;
146;3;
147;3;
148;3;
149;3;
150;3;
151;3;
152;3;
153;3;
154;3;
155;3;
156;3;
157;3;
158;3;
159;3;
160;3;
161;2;
162;2;
163;2;
164;2;
165;2;
166;2;
167;2;
168;2;
169;2;
170;3;
171;3;
172;3;
173;3;
174;3;
175;3;
176;3;
177;3;
178;2;
179;2;
180;2;
181;2;
182;2;
183;2;
184;2;
185;2;
186;2;
187;2;
188;3;
189;3;
190;3;
191;2;
192;2;
193;2;
194;2;
195;2;
196;2;
197;2;
198;2;
199;2;
200;3;
201;3;
202;3;
203;3;
204;3;
205;3;
206;3;
207;3;
208;3;
209;3;
210;3;
211;3;
212;3;
213;3;
214;3;
215;3;
216;2;
217;2;
218;2;
219;2;
220;2;
221;2;
222;2;
223;2;
224;2;
225;2;
226;2;
227;2;
228;3;
229;3;
230;3;
231;3;
232;2;
233;2;
234;2;
235;2;
236;2;
237;2;
238;2;
239;2;
240;2;
241;2;
242;2;
243;3;
244;3;
245;3;
246;3;
247;3;
248;3;
249;3;
250;3;
251;2;
252;2;
253;2;
254;2;
255;2;
256;2;
257;2;
258;2;
259;2;
260;2;
261;3;
262;3;
263;3;
264;3;
265;3;
266;3;
267;3;
268;3;
269;3;
270;3;
271;3;
272;3;
273;3;
274;3;
275;3;
276;3;
277;3;
278;3;
279;3;
280;2;
281;2;
282;2;
283;2;
284;2;
285;2;
286;2;
287;2;
288;2;
289;2;
290;3;
291;3;
292;3;
293;3;
294;3;
295;3;
296;3;
297;3;
298;3;
299;3;
300;3;
301;3;
302;3;
303;3;
304;3;
305;3;
306;3;
307;3;
308;3;
309;3;
310;3;
311;3;
312;3;
313;3;
314;3;
315;3;
316;3;
317;3;
318;3;
319;3;
320;3;
321;3;
322;3;
323;3;
324;3;
325;3;
326;3;
327;3;
328;4;
329;3;
330;3;
331;3;
332;3;
333;3;
334;3;
335;3;
336;2;
337;2;
338;2;
339;2;
340;2;
341;2;
342;2;
343;2;
344;2;
345;3;
346;3;
347;3;
348;3;
349;3;
350;3;
351;3;
352;3;
353;3;
354;3;
355;3;
356;3;
357;3;
358;3;
359;3;
360;3;
361;3;
362;3;
363;3;
364;3;
365;3;
366;3;
367;3;
368;3;
369;3;
370;3;
371;3;
372;3;
373;3;
374;3;
375;3;
376;3;
377;3;
378;3;
379;3;
380;3;
381;3;
382;3;
383;3;
384;3;
385;2;
386;2;
387;2;
388;2;
389;2;
390;2;
391;2;
392;2;
393;2;
394;3;
395;3;
396;3;
397;3;
398;3;
399;3;
400;3;
401;3;
402;3;
403;3;
404;3;
405;3;
406;3;
407;3;
408;4;
409;4;
410;4;
411;4;
412;4;
413;4;
414;4;
415;4;
416;4;
417;3;
418;3;
419;3;
420;3;
421;3;
422;3;
423;3;
424;3;
425;4;
426;4;
427;4;
428;4;
429;4;
430;4;
431;4;
432;4;
433;3;
434;4;
435;1;
436;1;
437;1;
438;1;
439;1;
440;1;
441;1;
442;1;
443;1;
444;1;
445;1;
446;1;
447;1;
448;1;
449;1;
450;1;
451;1;
452;1;
453;1;
454;1;
455;1;
456;1;
457;1;
458;1;
459;1;
460;1;
461;1;
462;1;
463;1;
464;1;
465;1;
466;1;
467;1;
468;1;
469;1;
470;1;
471;1;
472;1;
473;1;
474;1;
475;2;
476;2;
477;2;
478;2;
479;2;
480;2;
481;2;
482;2;
483;2;
484;2;
485;2;
486;2;
487;2;
488;2;
489;2;
490;2;
491;4;
492;4;
493;4;
494;4;
495;5;
496;5;
497;5;
498;5;
499;5;
500;5;
501;5;
502;5;
503;5;
504;5;
505;5;
506;5;
507;5;
508;5;
509;5;
510;5;
511;5;
512;5;
513;5;
514;5;
515;5;
516;5;
517;3;
518;3;
519;3;
520;3;
521;3;
522;3;
523;4;
524;4;
525;3;
526;3;
527;3;
528;3;
529;3;
530;3;
531;3;
532;3;
533;3;
534;3;
535;3;
536;3;
537;3;
538;3;
539;3;
540;2;
541;2;
542;2;
543;2;
544;2;
545;2;
546;2;
547;2;
548;2;
549;3;
550;3;
551;3;
552;3;
553;3;
554;3;
555;3;
556;3;
557;3;
558;3;
559;3;
560;3;
561;3;
562;3;
563;3;
564;3;
565;3;
566;3;
567;3;
568;3;
569;3;
570;3;
571;3;
572;3;
573;3;
574;3;
575;3;
576;3;
577;3;
578;3;
579;3;
580;3;
581;3;
582;3;
583;3;
584;3;
585;3;
586;3;
587;3;
588;3;
589;3;
590;3;
591;3;
592;3;
593;3;
594;3;
595;3;
596;3;
597;3;
598;3;
599;3;
600;3;
601;3;
602;3;
603;3;
604;3;
605;3;
606;3;
607;3;
608;3;
609;3;
610;3;
611;3;
612;3;
613;3;
614;3;
615;3;
616;3;
617;3;
618;3;
619;3;
620;3;
621;3;
622;3;
623;3;
624;3;
625;3;
626;3;
627;3;
628;3;
629;3;
630;3;
631;3;
632;3;
633;3;
634;3;
635;3;
636;3;
637;3;
638;3;
639;3;
640;3;
641;3;
642;3;
643;3;
644;3;
645;3;
646;3;
647;3;
648;3;
649;3;
650;3;
651;3;
652;3;
653;3;
654;3;
655;3;
656;3;
657;3;
658;3;
659;3;
660;3;
661;3;
662;2;
663;2;
664;2;
665;2;
666;2;
667;2;
668;2;
669;2;
670;2;
671;2;
672;2;
673;3;
674;3;
675;3;
676;3;
677;3;
678;3;
679;3;
680;3;
681;3;
682;3;
683;3;
684;3;
685;3;
686;3;
687;3;
688;3;
689;3;
690;3;
691;3;
692;3;
693;3;
694;3;
695;3;
696;3;
697;3;
698;3;
699;3;
700;3;
701;3;
702;3;
703;3;
704;3;
705;2;
706;2;
707;2;
708;2;
709;2;
710;2;
711;2;
712;2;
713;2;
714;3;
715;3;
716;3;
717;3;
718;3;
719;3;
720;3;
721;3;
722;3;
723;3;
724;3;
725;3;
726;3;
727;3;
728;3;
729;3;
730;3;
731;3;
732;3;
733;3;
734;3;
735;3;
736;3;
737;3;
738;3;
739;3;
740;3;
741;3;
742;3;
743;3;
744;3;
745;3;
746;3;
747;3;
748;3;
749;3;
750;3;
751;3;
752;3;
753;3;
754;3;
755;3;
756;3;
757;3;
758;3;
759;3;
760;3;
761;3;
762;3;
763;3;
764;3;
765;3;
766;3;
767;3;
768;3;
769;3;
770;3;
771;3;
772;3;
773;3;
774;3;
775;3;
776;3;
777;3;
778;3;
779;3;
780;3;
781;3;
782;3;
783;3;
784;3;
785;3;
786;3;
787;3;
788;3;
789;3;
790;3;
791;3;
792;3;
793;3;
794;3;
795;3;
796;3;
797;3;
798;3;
799;3;
800;3;
801;3;
802;3;
803;3;
804;3;
805;3;
806;3;
807;3;
808;3;
809;3;
810;3;
811;4;
812;3;
813;3;
814;3;
815;3;
816;3;
817;3;
818;3;
819;3;
820;3;
821;3;
822;3;
823;3;
824;3;
825;3;
826;3;
827;3;
828;3;
829;3;
830;3;
831;3;
832;3;
833;3;
834;3;
835;3;
836;3;
837;3;
838;3;
839;3;
840;3;
841;3;
842;3;
843;3;
844;3;
845;3;
846;3;
847;3;
848;3;
849;3;
850;3;
851;3;
852;3;
853;3;
854;3;
855;3;
856;3;
857;3;
858;3;
859;3;
860;3;
861;3;
862;3;
863;3;
864;3;
865;3;
866;3;
867;3;
868;3;
869;3;
870;3;
871;3;
872;3;
873;3;
874;3;
875;3;
876;3;
877;3;
878;3;
879;3;
880;3;
881;3;
882;3;
883;3;
884;3;
885;3;
886;3;
887;3;
888;3;
889;3;
890;3;
891;3;
892;3;
893;3;
894;3;
895;3;
896;3;
897;3;
898;3;
899;3;
900;3;
901;3;
902;3;
903;3;
904;3;
905;3;
906;3;
907;3;
908;3;
909;3;
910;3;
911;3;
912;3;
913;3;
914;3;
915;3;
916;3;
917;3;
918;3;
919;3;
920;3;
921;3;
922;3;
923;3;
924;3;
925;3;
926;3;
927;3;
928;3;
929;3;
930;3;
931;3;
932;3;
933;3;
934;3;
935;3;
936;3;
937;3;
938;3;
939;3;
940;3;
941;3;
942;3;
943;3;
944;3;
945;3;
946;3;
947;3;
948;3;
949;3;
950;3;
951;3;
952;3;
953;3;
954;3;
955;2;
956;2;
957;2;
958;2;
959;2;
960;2;
961;2;
962;2;
963;2;
964;2;
965;2;
966;3;
967;3;
968;3;
969;3;
970;3;
971;3;
972;3;
973;3;
974;3;
975;3;
976;3;
977;3;
978;3;
979;3;
980;3;
981;4;
982;4;
983;3;
984;3;
985;3;
986;3;
987;3;
988;3;
989;3;
990;3;
991;3;
992;3;
993;3;
994;3;
995;3;
996;3;
997;3;
998;3;
999;3;
1000;3;
1001;3;
1002;3;
1003;3;
1004;3;
1005;3;
1006;3;
1007;3;
1008;3;
1009;3;
1010;3;
1011;3;
1012;3;
1013;3;
1014;3;
1015;3;
1016;3;
1017;3;
1018;3;
1019;3;
1020;3;
1021;3;
1022;3;
1023;3;
1024;3;
1025;3;
1026;3;
1027;3;
1028;3;
1029;3;
1030;5;
1031;5;
1032;5;
1033;5;
1034;5;
1035;5;
1036;5;
1037;5;
1038;5;
1039;5;
1040;5;
1041;5;
1042;5;
1043;5;
1044;5;
1045;5;
1046;5;
1047;3;
1048;3;
1049;3;
1050;3;
1051;3;
1052;3;
1053;3;
1054;3;
1055;3;
1056;3;
1057;3;
1058;3;
1059;3;
1060;3;
1061;3;
1062;3;
1063;3;
1064;3;
1065;3;
1066;3;
1067;3;
1068;3;
1069;3;
1070;3;
1071;3;
1072;3;
1073;3;
1074;3;
1075;3;
1076;3;
1077;3;
1078;3;
1079;3;
1080;3;
1081;3;
1082;3;
1083;3;
1084;3;
1085;3;
1086;3;
1087;3;
1088;3;
1089;3;
1090;3;
1091;3;
1092;3;
1093;3;
1094;3;
1095;3;
1096;3;
1097;3;
1098;3;
1099;3;
1100;3;
1101;3;
1102;3;
1103;3;
1104;3;
1105;3;
1106;3;
1107;3;
1108;3;
1109;3;
1110;3;
1111;4;
1112;4;
1113;3;
1114;3;
1115;3;
1116;3;
1117;3;
1118;3;
1119;3;
1120;3;
1121;3;
1122;3;
1123;3;
1124;4;
1125;3;
1126;3;
1127;3;
1128;3;
1129;3;
1130;3;
1131;3;
1132;3;
1133;3;
1134;3;
1135;3;
1136;3;
1137;3;
1138;3;
1139;3;
1140;3;
1141;3;
1142;3;
1143;3;
1144;3;
1145;3;
1146;3;
1147;3;
1148;3;
1149;3;
1150;3;
1151;4;
1152;3;
1153;3;
1154;3;
1155;3;
1156;3;
1157;3;
1158;3;
1159;3;
1160;3;
1161;3;
1162;3;
1163;3;
1164;3;
1165;3;
1166;3;
1167;3;
1168;3;
1169;3;
1170;3;
1171;3;
1172;3;
1173;3;
1174;3;
1175;3;
1176;3;
1177;3;
1178;3;
1179;3;
1180;3;
1181;3;
1182;3;
1183;3;
1184;3;
1185;3;
1186;3;
1187;3;
1188;3;
1189;3;
1190;3;
1191;3;
1192;3;
1193;3;
1194;3;
1195;3;
1196;3;
1197;3;
1198;3;
1199;3;
1200;3;
1201;3;
1202;3;
1203;3;
1204;3;
1205;3;
1206;3;
1207;3;
1208;3;
1209;3;
1210;3;
1211;3;
1212;3;
1213;3;
1214;3;
1215;3;
1216;3;
1217;3;
1218;3;
1219;3;
1220;3;
1221;3;
1222;3;
1223;3;
1224;3;
1225;3;
1226;3;
1227;3;
1228;3;
1229;3;
1230;3;
1231;3;
1232;3;
1233;3;
1234;3;
1235;3;
1236;3;
1237;3;
1238;3;
1239;3;
1240;3;
1241;3;
1242;3;
1243;3;
1244;3;
1245;3;
1246;3;
1247;3;
1248;3;
1249;3;
1250;3;
1251;3;
1252;3;
1253;3;
1254;3;
1255;3;
1256;3;
1257;3;
1258;3;
1259;3;
1260;3;
1261;3;
1262;3;
1263;3;
1264;3;
1265;3;
1266;3;
1267;3;
1268;3;
1269;3;
1270;3;
1271;3;
1272;3;
1273;3;
1274;3;
1275;3;
1276;3;
1277;3;
1278;3;
1279;3;
1280;3;
1281;3;
1282;3;
1283;3;
1284;3;
1285;3;
1286;3;
1287;3;
1288;3;
1289;3;
1290;3;
1291;3;
1292;3;
1293;3;
1294;3;
1295;3;
1296;3;
1297;3;
1298;3;
1299;3;
1300;3;
1301;3;
1302;3;
1303;3;
1304;3;
1305;3;
1306;3;
1307;3;
1308;3;
1309;3;
1310;3;
1311;3;
1312;3;
1313;3;
1314;3;
1315;3;
1316;3;
1317;3;
1318;3;
1319;3;
1320;3;
1321;3;
1322;3;
1323;3;
1324;3;
1325;3;
1326;3;
1327;3;
1328;3;
1329;3;
1330;3;
1331;3;
1332;3;
1333;3;
1334;3;
1335;3;
1336;3;
1337;3;
1338;3;
1339;3;
1340;3;
1341;3;
1342;3;
1343;3;
1344;3;
1345;3;
1346;3;
1347;3;
1348;3;
1349;3;
1350;3;
1351;3;
1352;3;
1353;3;
1354;3;
1355;3;
1356;3;
1357;3;
1358;3;
1359;3;
1360;3;
1361;3;
1362;3;
1363;3;
1364;3;
1365;3;
1366;3;
1367;3;
1368;3;
1369;3;
1370;3;
1371;3;
1372;3;
1373;3;
1374;3;
1375;3;
1376;3;
1377;3;
1378;3;
1379;3;
1380;3;
1381;3;
1382;3;
1383;3;
1384;3;
1385;3;
1386;3;
1387;3;
1388;3;
1389;3;
1390;3;
1391;3;
1392;3;
1393;3;
1394;3;
1395;3;
1396;3;
1397;3;
1398;3;
1399;3;
1400;3;
1401;3;
1402;3;
1403;3;
1404;3;
1405;3;
1406;3;
1407;3;
1408;3;
1409;3;
1410;3;
1411;3;
1412;3;
1413;3;
1414;3;
1415;3;
1416;3;
1417;3;
1418;3;
1419;3;
1420;2;
1421;2;
1422;2;
1423;2;
1424;2;
1425;2;
1426;2;
1427;2;
1428;2;
1429;2;
1430;2;
1431;2;
1432;2;
1433;2;
1434;2;
1435;3;
1436;3;
1437;3;
1438;3;
1439;3;
1440;3;
1441;3;
1442;3;
1443;3;
1444;3;
1445;3;
1446;3;
1447;2;
1448;2;
1449;2;
1450;2;
1451;2;
1452;2;
1453;2;
1454;2;
1455;2;
1456;3;
1457;3;
1458;3;
1459;3;
1460;3;
1461;2;
1462;2;
1463;2;
1464;2;
1465;2;
1466;2;
1467;2;
1468;2;
1469;2;
1470;3;
1471;3;
1472;3;
1473;3;
1474;3;
1475;3;
1476;3;
1477;3;
1478;3;
1479;3;
1480;3;
1481;3;
1482;3;
1483;3;
1484;3;
1485;3;
1486;3;
1487;3;
1488;3;
1489;3;
1490;3;
1491;3;
1492;3;
1493;3;
1494;3;
1495;3;
1496;3;
1497;3;
1498;3;
1499;3;
1500;3;
1501;3;
1502;3;
1503;3;
1504;3;
1505;3;
1506;3;
1507;3;
1508;3;
1509;3;
1510;3;
1511;3;
1512;3;
1513;3;
1514;1;
1515;1;
1516;1;
1517;1;
1518;1;
1519;1;
1520;1;
1521;1;
1522;1;
1523;1;
1524;1;
1525;1;
1526;1;
1527;1;
1528;1;
1529;1;
1530;1;
1531;1;
1532;1;
1533;1;
1534;1;
1535;1;
1536;1;
1537;1;
1538;1;
1539;1;
1540;1;
1541;1;
1542;1;
1543;1;
1544;1;
1545;1;
1546;1;
1547;1;
1548;1;
1549;1;
1550;1;
1551;1;
1552;1;
1553;1;
1554;1;
1555;1;
1556;1;
1557;1;
1558;1;
1559;1;
1560;1;
1561;1;
1562;1;
1563;1;
1564;1;
1565;1;
1566;1;
1567;1;
1568;1;
1569;1;
1570;1;
1571;1;
1572;1;
1573;1;
1574;1;
1575;1;
1576;1;
1577;1;
1578;1;
1579;1;
1580;1;
1581;1;
1582;1;
1583;1;
1584;1;
1585;1;
1586;1;
1587;1;
1588;1;
1589;1;
1590;1;
1591;1;
1592;1;
1593;1;
1594;1;
1595;1;
1596;1;
1597;1;
1598;1;
1599;1;
1600;1;
1601;1;
1602;1;
1603;1;
1604;1;
1605;1;
1606;1;
1607;1;
1608;1;
1609;1;
1610;3;
1611;3;
1612;3;
1613;3;
1614;3;
1615;3;
1616;3;
1617;4;
1618;3;
1619;3;
1620;3;
1621;3;
1622;3;
1623;3;
1624;3;
1625;3;
1626;3;
1627;3;
1628;3;
1629;3;
1630;3;
1631;3;
1632;3;
1633;3;
1634;3;
1635;3;
1636;3;
1637;3;
1638;3;
1639;3;
1640;3;
1641;3;
1642;3;
1643;3;
1644;3;
1645;3;
1646;3;
1647;3;
1648;3;
1649;3;
1650;4;
1651;4;
1652;4;
1653;4;
1654;4;
1655;3;
1656;3;
1657;3;
1658;3;
1659;3;
1660;3;
1661;3;
1662;3;
1663;3;
1664;3;
1665;3;
1666;3;
1667;3;
1668;3;
1669;3;
1670;3;
1671;3;
1672;3;
1673;2;
1674;2;
1675;2;
1676;2;
1677;2;
1678;3;
1679;3;
1680;3;
1681;3;
1682;3;
1683;3;
1684;3;
1685;3;
1686;3;
1687;3;
1688;3;
1689;3;
1690;3;
1691;3;
1692;3;
1693;3;
1694;3;
1695;3;
1696;3;
1697;3;
1698;3;
1699;3;
1700;3;
1701;3;
1702;3;
1703;3;
1704;3;
1705;3;
1706;3;
1707;3;
1708;3;
1709;3;
1710;3;
1711;3;
1712;3;
1713;3;
1714;3;
1715;3;
1716;3;
1717;3;
1718;3;
1719;3;
1720;3;
1721;3;
1722;3;
1723;3;
1724;3;
1725;3;
1726;3;
1727;3;
1728;3;
1729;3;
1730;3;
1731;3;
1732;3;
1733;3;
1734;3;
1735;3;
1736;3;
1737;3;
1738;3;
1739;3;
1740;3;
1741;3;
1742;3;
1743;3;
1744;3;
1745;3;
1746;3;
1747;3;
1748;3;
1749;3;
1750;3;
1751;3;
1752;3;
1753;3;
1754;3;
1755;3;
1756;3;
1757;3;
1758;3;
1759;3;
1760;3;
1761;3;
1762;3;
1763;3;
1764;3;
1765;3;
1766;3;
1767;3;
1768;3;
1769;3;
1770;3;
1771;3;
1772;3;
1773;3;
1774;3;
1775;3;
1776;3;
1777;3;
1778;3;
1779;3;
1780;3;
1781;3;
1782;3;
1783;3;
1784;3;
1785;3;
1786;3;
1787;3;
1788;3;
1789;3;
1790;3;
1791;3;
1792;3;
1793;3;
1794;3;
1795;3;
1796;3;
1797;3;
1798;3;
1799;3;
1800;3;
1801;3;
1802;3;
1803;3;
1804;3;
1805;3;
1806;3;
1807;3;
1808;3;
1809;3;
1810;3;
1811;3;
1812;3;
1813;3;
1814;3;
1815;3;
1816;3;
1817;3;
1818;3;
1819;3;
1820;3;
1821;3;
1822;3;
1823;3;
1824;3;
1825;3;
1826;3;
1827;3;
1828;3;
1829;3;
1830;3;
1831;3;
1832;3;
1833;3;
1834;3;
1835;3;
1836;3;
1837;3;
1838;3;
1839;3;
1840;3;
1841;3;
1842;3;
1843;3;
1844;3;
1845;3;
1846;3;
1847;3;
1848;3;
1849;3;
1850;3;
1851;3;
1852;3;
1853;3;
1854;3;
1855;3;
1856;3;
1857;3;
1858;3;
1859;3;
1860;3;
1861;3;
1862;3;
1863;3;
1864;3;
1865;3;
1866;3;
1867;3;
1868;3;
1869;3;
1870;3;
1871;3;
1872;3;
1873;3;
1874;3;
1875;3;
1876;3;
1877;3;
1878;3;
1879;3;
1880;3;
1881;3;
1882;3;
1883;3;
1884;3;
1885;3;
1886;3;
1887;3;
1888;3;
1889;3;
1890;3;
1891;3;
1892;3;
1893;3;
1894;3;
1895;3;
1896;3;
1897;3;
1898;3;
1899;3;
1900;3;
1901;3;
1902;3;
1903;3;
1904;4;
1905;4;
1906;3;
1907;4;
1908;4;
1909;3;
1910;3;
1911;3;
1912;3;
1913;3;
1914;3;
1915;3;
1916;3;
1917;3;
1918;3;
1919;3;
1920;3;
1921;3;
1922;3;
1923;3;
1924;3;
1925;3;
1926;3;
1927;3;
1928;3;
1929;3;
1930;3;
1931;3;
1932;3;
1933;3;
1934;3;
1935;2;
1936;2;
1937;2;
1938;2;
1939;2;
1940;2;
1941;2;
1942;2;
1943;2;
1944;2;
1945;2;
1946;2;
1947;2;
1948;2;
1949;3;
1950;3;
1951;3;
1952;3;
1953;3;
1954;3;
1955;3;
1956;3;
1957;3;
1958;3;
1959;3;
1960;3;
1961;3;
1962;3;
1963;3;
1964;3;
1965;3;
1966;3;
1967;3;
1968;3;
1969;3;
1970;3;
1971;3;
1972;3;
1973;3;
1974;3;
1975;3;
1976;3;
1977;3;
1978;3;
1979;3;
1980;3;
1981;3;
1982;3;
1983;3;
1984;3;
1985;3;
1986;3;
1987;3;
1988;3;
1989;3;
1990;3;
1991;3;
1992;3;
1993;3;
1994;3;
1995;3;
1996;3;
1997;3;
1998;3;
1999;3;
2000;3;
2001;3;
2002;3;
2003;3;
2004;3;
2005;3;
2006;3;
2007;3;
2008;3;
2009;3;
2010;3;
2011;3;
2012;3;
2013;3;
2014;3;
2015;3;
2016;3;
2017;3;
2018;3;
2019;3;
2020;3;
2021;3;
2022;3;
2023;3;
2024;3;
2025;3;
2026;3;
2027;3;
2028;3;
2029;3;
2030;3;
2031;3;
2032;3;
2033;3;
2034;3;
2035;3;
2036;3;
2037;3;
2038;3;
2039;3;
2040;3;
2041;3;
2042;3;
2043;3;
2044;3;
2045;3;
2046;3;
2047;3;
2048;3;
2049;3;
2050;3;
2051;3;
2052;3;
2053;3;
2054;3;
2055;3;
2056;3;
2057;3;
2058;3;
2059;3;
2060;3;
2061;3;
2062;3;
2063;3;
2064;3;
2065;3;
2066;3;
2067;3;
2068;3;
2069;3;
2070;3;
2071;3;
2072;3;
2073;3;
2074;3;
2075;3;
2076;3;
2077;3;
2078;3;
2079;3;
2080;3;
2081;3;
2082;3;
2083;3;
2084;3;
2085;3;
2086;3;
2087;3;
2088;3;
2089;3;
2090;3;
2091;3;
2092;3;
2093;3;
2094;3;
2095;3;
2096;3;
2097;3;
2098;3;
2099;3;
2100;3;
2101;3;
2102;3;
2103;3;
2104;3;
2105;3;
2106;3;
2107;3;
2108;3;
2109;3;
2110;3;
2111;3;
2112;3;
2113;3;
2114;3;
2115;3;
2116;3;
2117;3;
2118;3;
2119;3;
2120;3;
2121;3;
2122;3;
2123;3;
2124;3;
2125;3;
2126;3;
2127;3;
2128;3;
2129;3;
2130;3;
2131;3;
2132;3;
2133;3;
2134;3;
2135;3;
2136;2;
2137;2;
2138;2;
2139;2;
2140;2;
2141;2;
2142;2;
2143;2;
2144;2;
2145;2;
2146;2;
2147;2;
2148;2;
2149;3;
2150;3;
2151;3;
2152;3;
2153;3;
2154;3;
2155;3;
2156;3;
2157;3;
2158;3;
2159;3;
2160;3;
2161;3;
2162;3;
2163;3;
2164;3;
2165;3;
2166;3;
2167;3;
2168;3;
2169;3;
2170;3;
2171;3;
2172;3;
2173;3;
2174;3;
2175;3;
2176;3;
2177;3;
2178;3;
2179;3;
2180;3;
2181;3;
2182;3;
2183;3;
2184;3;
2185;3;
2186;3;
2187;3;
2188;3;
2189;3;
2190;3;
2191;3;
2192;3;
2193;3;
2194;3;
2195;3;
2196;3;
2197;3;
2198;3;
2199;3;
2200;3;
2201;3;
2202;3;
2203;3;
2204;3;
2205;3;
2206;3;
2207;3;
2208;3;
2209;3;
2210;3;
2211;3;
2212;3;
2213;3;
2214;3;
2215;3;
2216;3;
2217;3;
2218;3;
2219;3;
2220;3;
2221;3;
2222;3;
2223;3;
2224;3;
2225;3;
2226;3;
2227;3;
2228;3;
2229;3;
2230;3;
2231;3;
2232;3;
2233;3;
2234;3;
2235;3;
2236;3;
2237;3;
2238;3;
2239;3;
2240;3;
2241;3;
2242;3;
2243;3;
2244;3;
2245;3;
2246;3;
2247;3;
2248;3;
2249;3;
2250;3;
2251;3;
2252;3;
2253;3;
2254;3;
2255;3;
2256;3;
2257;3;
2258;3;
2259;3;
2260;3;
2261;3;
2262;3;
2263;3;
2264;3;
2265;3;
2266;3;
2267;3;
2268;3;
2269;3;
2270;3;
2271;3;
2272;3;
2273;3;
2274;3;
2275;3;
2276;3;
2277;3;
2278;3;
2279;3;
2280;3;
2281;3;
2282;3;
2283;3;
2284;3;
2285;3;
2286;3;
2287;3;
2288;3;
2289;3;
2290;3;
2291;3;
2292;3;
2293;3;
2294;3;
2295;3;
2296;3;
2297;3;
2298;3;
2299;3;
2300;3;
2301;3;
2302;3;
2303;3;
2304;3;
2305;3;
2306;3;
2307;3;
2308;3;
2309;3;
2310;3;
2311;3;
2312;3;
2313;3;
2314;3;
2315;3;
2316;3;
2317;3;
2318;3;
2319;3;
2320;3;
2321;3;
2322;3;
2323;3;
2324;3;
2325;3;
2326;3;
2327;3;
2328;3;
2329;3;
2330;3;
2331;3;
2332;3;
2333;3;
2334;3;
2335;3;
2336;3;
2337;3;
2338;3;
2339;3;
2340;3;
2341;3;
2342;3;
2343;3;
2344;3;
2345;3;
2346;3;
2347;3;
2348;3;
2349;3;
2350;3;
2351;3;
2352;3;
2353;3;
2354;3;
2355;3;
2356;3;
2357;3;
2358;3;
2359;3;
2360;3;
2361;3;
2362;3;
2363;3;
2364;3;
2365;3;
2366;3;
2367;3;
2368;3;
2369;3;
2370;3;
2371;3;
2372;3;
2373;3;
2374;3;
2375;3;
2376;3;
2377;3;
2378;3;
2379;3;
2380;3;
2381;3;
2382;3;
2383;3;
2384;3;
2385;3;
2386;3;
2387;3;
2388;3;
2389;3;
2390;3;
2391;3;
2392;3;
2393;4;
2394;4;
2395;3;
2396;3;
2397;3;
2398;3;
2399;3;
2400;3;
2401;3;
2402;3;
2403;3;
2404;3;
2405;5;
2406;5;
2407;5;
2408;5;
2409;5;
2410;5;
2411;5;
2412;5;
2413;5;
2414;5;
2415;5;
2416;5;
2417;5;
2418;5;
2419;5;
2420;5;
2421;5;
2422;3;
2423;3;
2424;3;
2425;3;
2426;3;
2427;3;
2428;3;
2429;3;
2430;3;
2431;3;
2432;3;
2433;4;
2434;3;
2435;3;
2436;3;
2437;3;
2438;3;
2439;3;
2440;3;
2441;3;
2442;3;
2443;3;
2444;3;
2445;3;
2446;3;
2447;3;
2448;3;
2449;3;
2450;3;
2451;3;
2452;3;
2453;3;
2454;3;
2455;3;
2456;3;
2457;3;
2458;3;
2459;3;
2460;3;
2461;3;
2462;3;
2463;3;
2464;3;
2465;3;
2466;3;
2467;3;
2468;3;
2469;3;
2470;3;
2471;3;
2472;3;
2473;3;
2474;3;
2475;3;
2476;3;
2477;3;
2478;3;
2479;3;
2480;3;
2481;3;
2482;3;
2483;3;
2484;3;
2485;3;
2486;3;
2487;3;
2488;3;
2489;3;
2490;3;
2491;3;
2492;3;
2493;3;
2494;3;
2495;3;
2496;3;
2497;3;
2498;3;
2499;3;
2500;3;
2501;3;
2502;3;
2503;3;
2504;3;
2505;3;
2506;3;
2507;3;
2508;3;
2509;3;
2510;3;
2511;3;
2512;3;
2513;3;
2514;3;
2515;3;
2516;3;
2517;3;
2518;3;
2519;3;
2520;3;
2521;3;
2522;3;
2523;3;
2524;3;
2525;3;
2526;3;
2527;3;
2528;3;
2529;3;
2530;3;
2531;3;
2532;3;
2533;3;
2534;3;
2535;3;
2536;3;
2537;3;
2538;3;
2539;3;
2540;3;
2541;3;
2542;3;
2543;3;
2544;3;
2545;3;
2546;3;
2547;3;
2548;3;
2549;3;
2550;3;
2551;3;
2552;3;
2553;3;
2554;3;
2555;3;
2556;3;
2557;3;
2558;3;
2559;3;
2560;3;
2561;3;
2562;3;
2563;3;
2564;3;
2565;3;
2566;3;
2567;3;
2568;3;
2569;3;
2570;3;
2571;3;
2572;3;
2573;3;
2574;3;
2575;3;
2576;3;
2577;3;
2578;3;
2579;3;
2580;3;
2581;3;
2582;3;
2583;3;
2584;3;
2585;3;
2586;3;
2587;3;
2588;3;
2589;3;
2590;3;
2591;3;
2592;3;
2593;3;
2594;3;
2595;3;
2596;3;
2597;3;
2598;3;
2599;3;
2600;3;
2601;3;
2602;3;
2603;3;
2604;3;
2605;3;
2606;3;
2607;3;
2608;3;
2609;3;
2610;3;
2611;3;
2612;3;
2613;3;
2614;3;
2615;3;
2616;3;
2617;3;
2618;3;
2619;3;
2620;3;
2621;3;
2622;3;
2623;3;
2624;3;
2625;3;
2626;3;
2627;3;
2628;3;
2629;3;
2630;3;
2631;3;
2632;3;
2633;3;
2634;3;
2635;3;
2636;3;
2637;3;
2638;3;
2639;3;
2640;3;
2641;3;
2642;3;
2643;3;
2644;3;
2645;3;
2646;3;
2647;3;
2648;3;
2649;3;
2650;3;
2651;3;
2652;3;
2653;3;
2654;1;
2655;1;
2656;1;
2657;1;
2658;1;
2659;1;
2660;1;
2661;1;
2662;1;
2663;1;
2664;1;
2665;1;
2666;1;
2667;1;
2668;1;
2669;1;
2670;1;
2671;1;
2672;1;
2673;1;
2674;1;
2675;1;
2676;1;
2677;1;
2678;1;
2679;1;
2680;1;
2681;1;
2682;1;
2683;1;
2684;1;
2685;1;
2686;1;
2687;1;
2688;1;
2689;1;
2690;1;
2691;1;
2692;1;
2693;1;
2694;1;
2695;1;
2696;1;
2697;1;
2698;1;
2699;1;
2700;1;
2701;1;
2702;1;
2703;1;
2704;1;
2705;1;
2706;1;
2707;1;
2708;1;
2709;1;
2710;1;
2711;1;
2712;1;
2713;1;
2714;1;
2715;1;
2716;1;
2717;1;
2718;1;
2719;1;
2720;1;
2721;1;
2722;1;
2723;1;
2724;1;
2725;1;
2726;1;
2727;1;
2728;1;
2729;1;
2730;1;
2731;1;
2732;1;
2733;1;
2734;1;
2735;1;
2736;1;
2737;1;
2738;1;
2739;1;
2740;1;
2741;1;
2742;1;
2743;1;
2744;1;
2745;1;
2746;1;
2747;1;
2748;1;
2749;1;
2750;1;
2751;1;
2752;1;
2753;1;
2754;1;
2755;1;
2756;1;
2757;1;
2758;1;
2759;1;
2760;1;
2761;1;
2762;1;
2763;1;
2764;1;
2765;1;
2766;1;
2767;1;
2768;1;
2769;1;
2770;1;
2771;1;
2772;1;
2773;3;
2774;3;
2775;3;
2776;3;
2777;3;
2778;3;
2779;3;
2780;3;
2781;3;
2782;3;
2783;3;
2784;3;
2785;3;
2786;3;
2787;3;
2788;3;
2789;4;
2790;3;
2791;3;
2792;3;
2793;3;
2794;3;
2795;3;
2796;3;
2797;3;
2798;3;
2799;3;
2800;3;
2801;3;
2802;3;
2803;4;
2804;3;
2805;3;
2806;3;
2807;3;
2808;3;
2809;3;
2810;3;
2811;2;
2812;2;
2813;2;
2814;2;
2815;2;
2816;2;
2817;2;
2818;2;
2819;2;
2820;2;
2821;2;
2822;2;
2823;3;
2824;3;
2825;3;
2826;3;
2827;3;
2828;3;
2829;3;
2830;3;
2831;3;
2832;3;
2833;2;
2834;2;
2835;2;
2836;2;
2837;2;
2838;2;
2839;2;
2840;2;
2841;2;
2842;2;
2843;2;
2844;2;
2845;2;
2846;2;
2847;2;
2848;2;
2849;2;
2850;2;
2851;2;
2852;2;
2853;2;
2854;2;
2855;2;
2856;2;
2857;2;
2858;2;
2859;3;
2860;3;
2861;3;
2862;3;
2863;3;
2864;3;
2865;3;
2866;3;
2867;3;
2868;3;
2869;3;
2870;3;
2871;3;
2872;3;
2873;3;
2874;3;
2875;3;
2876;3;
2877;3;
2878;3;
2879;3;
2880;3;
2881;3;
2882;3;
2883;3;
2884;3;
2885;3;
2886;3;
2887;3;
2888;3;
2889;3;
2890;3;
2891;3;
2892;3;
2893;3;
2894;4;
2895;3;
2896;3;
2897;3;
2898;3;
2899;3;
2900;3;
2901;3;
2902;3;
2903;3;
2904;3;
2905;3;
2906;3;
2907;3;
2908;3;
2909;3;
2910;3;
2911;3;
2912;3;
2913;3;
2914;3;
2915;3;
2916;3;
2917;3;
2918;3;
2919;3;
2920;3;
2921;3;
2922;3;
2923;3;
2924;3;
2925;3;
2926;3;
2927;3;
2928;3;
2929;3;
2930;3;
2931;3;
2932;3;
2933;3;
2934;3;
2935;3;
2936;3;
2937;3;
2938;3;
2939;3;
2940;3;
2941;3;
2942;3;
2943;3;
2944;3;
2945;3;
2946;3;
2947;3;
2948;3;
2949;3;
2950;3;
2951;3;
2952;3;
2953;3;
2954;3;
2955;3;
2956;3;
2957;3;
2958;3;
2959;3;
2960;3;
2961;3;
2962;3;
2963;3;
2964;3;
2965;3;
2966;3;
2967;3;
2968;3;
2969;3;
2970;3;
2971;3;
2972;3;
2973;3;
2974;3;
2975;3;
2976;3;
2977;3;
2978;3;
2979;3;
2980;3;
2981;3;
2982;3;
2983;3;
2984;3;
2985;3;
2986;3;
2987;3;
2988;3;
2989;3;
2990;3;
2991;3;
2992;3;
2993;3;
2994;3;
2995;3;
2996;3;
2997;3;
2998;3;
2999;3;
3000;3;
3001;3;
3002;3;
3003;3;
3004;3;
3005;3;
3006;3;
3007;3;
3008;3;
3009;3;
3010;3;
3011;3;
3012;3;
3013;3;
3014;3;
3015;3;
3016;3;
3017;3;
3018;3;
3019;3;
3020;3;
3021;3;
3022;3;
3023;3;
3024;3;
3025;3;
3026;3;
3027;3;
3028;3;
3029;3;
3030;3;
3031;3;
3032;3;
3033;3;
3034;3;
3035;3;
3036;3;
3037;3;
3038;3;
3039;3;
3040;3;
3041;3;
3042;3;
3043;3;
3044;3;
3045;3;
3046;3;
3047;3;
3048;3;
3049;3;
3050;3;
3051;3;
3052;3;
3053;3;
3054;3;
3055;3;
3056;3;
3057;3;
3058;3;
3059;3;
3060;3;
3061;3;
3062;3;
3063;3;
3064;3;
3065;3;
3066;3;
3067;3;
3068;3;
3069;3;
3070;3;
3071;3;
3072;4;
3073;4;
3074;4;
3075;4;
3076;4;
3077;3;
3078;3;
3079;3;
3080;3;
3081;3;
3082;3;
3083;3;
3084;3;
3085;3;
3086;3;
3087;3;
3088;4;
3089;4;
3090;2;
3091;2;
3092;2;
3093;2;
3094;2;
3095;2;
3096;2;
3097;2;
3098;2;
3099;3;
3100;3;
3101;3;
3102;3;
3103;3;
3104;3;
3105;3;
3106;3;
3107;3;
3108;3;
3109;3;
3110;3;
3111;3;
3112;3;
3113;3;
3114;3;
3115;3;
3116;3;
3117;3;
3118;3;
3119;3;
3120;3;
3121;3;
3122;3;
3123;3;
3124;3;
3125;3;
3126;3;
3127;3;
3128;3;
3129;3;
3130;3;
3131;3;
3132;3;
3133;3;
3134;3;
3135;3;
3136;3;
3137;3;
3138;3;
3139;3;
3140;3;
3141;3;
3142;3;
3143;3;
3144;3;
3145;3;
3146;3;
3147;3;
3148;3;
3149;3;
3150;3;
3151;3;
3152;3;
3153;3;
3154;3;
3155;3;
3156;3;
3157;3;
3158;3;
3159;3;
3160;3;
3161;3;
3162;3;
3163;3;
3164;3;
3165;3;
3166;3;
3167;3;
3168;3;
3169;3;
3170;3;
3171;3;
3172;3;
3173;3;
3174;3;
3175;3;
3176;3;
3177;3;
3178;3;
3179;3;
3180;3;
3181;3;
3182;3;
3183;3;
3184;3;
3185;3;
3186;3;
3187;3;
3188;3;
3189;3;
3190;3;
3191;3;
3192;3;
3193;3;
3194;3;
3195;3;
3196;3;
3197;3;
3198;3;
3199;3;
3200;3;
3201;3;
3202;3;
3203;3;
3204;3;
3205;3;
3206;3;
3207;3;
3208;3;
3209;3;
3210;3;
3211;3;
3212;3;
3213;3;
3214;3;
3215;3;
3216;3;
3217;3;
3218;3;
3219;3;
3220;3;
3221;3;
3222;3;
3223;3;
3224;3;
3225;3;
3226;3;
3227;3;
3228;3;
3229;3;
3230;3;
3231;3;
3232;3;
3233;3;
3234;3;
3235;3;
3236;3;
3237;3;
3238;3;
3239;3;
3240;3;
3241;3;
3242;3;
3243;3;
3244;3;
3245;3;
3246;3;
3247;3;
3248;3;
3249;3;
3250;3;
3251;3;
3252;3;
3253;3;
3254;3;
3255;3;
3256;3;
3257;3;
3258;3;
3259;3;
3260;3;
3261;3;
3262;3;
3263;3;
3264;3;
3265;3;
3266;3;
3267;3;
3268;3;
3269;3;
3270;3;
3271;3;
3272;3;
3273;3;
3274;3;
3275;3;
3276;3;
3277;3;
3278;3;
3279;3;
3280;3;
3281;3;
3282;3;
3283;3;
3284;3;
3285;3;
3286;3;
3287;3;
3288;3;
3289;3;
3290;3;
3291;3;
3292;3;
3293;3;
3294;3;
3295;3;
3296;2;
3297;2;
3298;2;
3299;2;
3300;2;
3301;2;
3302;2;
3303;2;
3304;2;
3305;2;
3306;2;
3307;3;
3308;3;
3309;3;
3310;3;
3311;3;
3312;3;
3313;3;
3314;3;
3315;3;
3316;3;
3317;3;
3318;3;
3319;3;
3320;3;
3321;3;
3322;3;
3323;3;
3324;3;
3325;3;
3326;3;
3327;3;
3328;3;
3329;3;
3330;3;
3331;3;
3332;3;
3333;3;
3334;3;
3335;3;
3336;3;
3337;3;
3338;3;
3339;3;
3340;3;
3341;3;
3342;3;
3343;3;
3344;3;
3345;3;
3346;3;
3347;3;
3348;3;
3349;3;
3350;3;
3351;3;
3352;3;
3353;3;
3354;3;
3355;3;
3356;3;
3357;3;
3358;2;
3359;2;
3360;2;
3361;2;
3362;2;
3363;2;
3364;2;
3365;2;
3366;2;
3367;2;
3368;2;
3369;2;
3370;3;
3371;3;
3372;3;
3373;3;
3374;3;
3375;3;
3376;3;
3377;3;
3378;3;
3379;3;
3380;3;
3381;3;
3382;3;
3383;3;
3384;3;
3385;3;
3386;3;
3387;3;
3388;3;
3389;3;
3390;3;
3391;3;
3392;3;
3393;3;
3394;3;
3395;3;
3396;3;
3397;3;
3398;3;
3399;3;
3400;3;
3401;3;
3402;3;
3403;3;
3404;3;
3405;3;
3406;3;
3407;3;
3408;3;
3409;3;
3410;3;
3411;3;
3412;3;
3413;3;
3414;3;
3415;3;
3416;3;
3417;3;
3418;3;
3419;3;
3420;3;
3421;3;
3422;3;
3423;2;
3424;2;
3425;2;
3426;2;
3427;2;
3428;2;
3429;2;
3430;2;
3431;2;
3432;2;
3433;2;
3434;2;
3435;2;
3436;2;
3437;2;
3438;3;
3439;3;
3440;3;
3441;3;
3442;3;
3443;3;
3444;3;
3445;3;
3446;3;
3447;3;
3448;3;
3449;3;
3450;3;
3451;3;
3452;2;
3453;2;
3454;2;
3455;2;
3456;2;
3457;2;
3458;2;
3459;2;
3460;2;
3461;2;
3462;2;
3463;3;
3464;3;
3465;3;
3466;3;
3467;3;
3468;3;
3469;3;
3470;3;
3471;3;
3472;3;
3473;3;
3474;3;
3475;3;
3476;3;
3477;3;
3478;3;
3479;3;
3480;3;
3481;3;
3482;3;
3483;3;
3484;3;
3485;3;
3486;3;
3487;3;
3488;3;
3489;3;
3490;3;
3491;3;
3492;3;
3493;3;
3494;3;
3495;3;
3496;3;
3497;3;
3498;3;
3499;3;
3500;3;
3501;3;
3502;3;
3503;3;
3504;3;
3505;3;
3506;3;
3507;3;
3508;3;
3509;3;
3510;3;
3511;3;
3512;3;
3513;3;
3514;3;
3515;3;
3516;3;
3517;3;
3518;3;
3519;3;
3520;3;
3521;3;
3522;3;
3523;3;
3524;3;
3525;3;
3526;3;
3527;3;
3528;3;
3529;3;
3530;3;
3531;3;
3532;3;
3533;3;
3534;3;
3535;3;
3536;3;
3537;3;
3538;3;
3539;3;
3540;3;
3541;3;
3542;3;
3543;3;
3544;3;
3545;3;
3546;3;
3547;3;
3548;3;
3549;3;
3550;3;
3551;3;
3552;3;
3553;3;
3554;3;
3555;3;
3556;3;
3557;3;
3558;3;
3559;3;
3560;3;
3561;3;
3562;3;
3563;3;
3564;3;
3565;3;
3566;3;
3567;3;
3568;3;
3569;3;
3570;3;
3571;3;
3572;3;
3573;3;
3574;3;
3575;3;
3576;3;
3577;3;
3578;3;
3579;3;
3580;3;
3581;3;
3582;3;
3583;3;
3584;3;
3585;3;
3586;3;
3587;3;
3588;3;
3589;3;
3590;3;
3591;3;
3592;3;
3593;3;
3594;3;
3595;3;
3596;3;
3597;3;
3598;3;
3599;3;
3600;3;
3601;3;
3602;3;
3603;3;
3604;3;
3605;3;
3606;3;
3607;3;
3608;3;
3609;3;
3610;3;
3611;3;
3612;3;
3613;3;
3614;3;
3615;3;
3616;3;
3617;3;
3618;3;
3619;3;
3620;3;
3621;3;
3622;3;
3623;3;
3624;3;
3625;3;
3626;3;
3627;3;
3628;3;
3629;3;
3630;3;
3631;3;
3632;3;
3633;3;
3634;3;
3635;3;
3636;3;
3637;3;
3638;3;
3639;3;
3640;3;
3641;3;
3642;3;
3643;2;
3644;2;
3645;2;
3646;2;
3647;2;
3648;2;
3649;2;
3650;2;
3651;2;
3652;2;
3653;2;
3654;2;
3655;2;
3656;2;
3657;3;
3658;3;
3659;3;
3660;3;
3661;3;
3662;3;
3663;3;
3664;3;
3665;3;
3666;3;
3667;3;
3668;3;
3669;3;
3670;3;
3671;3;
3672;3;
3673;3;
3674;3;
3675;3;
3676;3;
3677;3;
3678;3;
3679;3;
3680;3;
3681;3;
3682;3;
3683;3;
3684;3;
3685;3;
3686;3;
3687;3;
3688;3;
3689;3;
3690;3;
3691;3;
3692;3;
3693;3;
3694;3;
3695;3;
3696;3;
3697;3;
3698;3;
3699;3;
3700;3;
3701;3;
3702;3;
3703;3;
3704;3;
3705;3;
3706;3;
3707;3;
3708;3;
3709;3;
3710;3;
3711;3;
3712;3;
3713;3;
3714;3;
3715;3;
3716;3;
3717;3;
3718;3;
3719;3;
3720;3;
3721;3;
3722;3;
3723;3;
3724;3;
3725;3;
3726;3;
3727;3;
3728;3;
3729;3;
3730;3;
3731;3;
3732;3;
3733;3;
3734;3;
3735;3;
3736;3;
3737;3;
3738;3;
3739;3;
3740;3;
3741;3;
3742;3;
3743;3;
3744;3;
3745;3;
3746;3;
3747;3;
3748;3;
3749;3;
3750;3;
3751;3;
3752;3;
3753;3;
3754;3;
3755;3;
3756;3;
3757;3;
3758;3;
3759;3;
3760;3;
3761;3;
3762;3;
3763;3;
3764;3;
3765;3;
3766;3;
3767;3;
3768;3;
3769;3;
3770;3;
3771;3;
3772;3;
3773;3;
3774;3;
3775;3;
3776;3;
3777;3;
3778;3;
3779;3;
3780;3;
3781;3;
3782;3;
3783;3;
3784;3;
3785;3;
3786;3;
3787;3;
3788;3;
3789;3;
3790;3;
3791;3;
3792;3;
3793;3;
3794;3;
3795;3;
3796;3;
3797;3;
3798;3;
3799;2;
3800;2;
3801;2;
3802;2;
3803;2;
3804;2;
3805;2;
3806;2;
3807;2;
3808;2;
3809;2;
3810;2;
3811;3;
3812;3;
3813;3;
3814;3;
3815;3;
3816;3;
3817;3;
3818;3;
3819;3;
3820;3;
3821;3;
3822;3;
3823;4;
3824;4;
3825;4;
3826;4;
3827;4;
3828;4;
3829;4;
3830;4;
3831;4;
3832;3;
3833;3;
3834;3;
3835;3;
3836;3;
3837;3;
3838;3;
3839;3;
3840;4;
3841;3;
3842;3;
3843;3;
3844;5;
3845;5;
3846;5;
3847;5;
3848;5;
3849;5;
3850;5;
3851;5;
3852;5;
3853;5;
3854;5;
3855;5;
3856;5;
3857;5;
3858;5;
3859;5;
3860;5;
3861;3;
3862;3;
3863;3;
3864;3;
3865;3;
3866;3;
3867;3;
3868;3;
3869;3;
3870;3;
3871;3;
3872;3;
3873;3;
3874;3;
3875;3;
3876;3;
3877;3;
3878;3;
3879;3;
3880;3;
3881;3;
3882;3;
3883;3;
3884;3;
3885;3;
3886;3;
3887;3;
3888;3;
3889;3;
3890;3;
3891;3;
3892;3;
3893;3;
3894;3;
3895;3;
3896;3;
3897;3;
3898;3;
3899;3;
3900;3;
3901;3;
3902;3;
3903;3;
3904;3;
3905;3;
3906;3;
3907;3;
3908;3;
3909;3;
3910;3;
3911;3;
3912;3;
3913;2;
3914;2;
3915;2;
3916;2;
3917;2;
3918;2;
3919;2;
3920;2;
3921;2;
3922;2;
3923;2;
3924;2;
3925;2;
3926;2;
3927;3;
3928;3;
3929;3;
3930;3;
3931;3;
3932;3;
3933;3;
3934;3;
3935;3;
3936;3;
3937;3;
3938;3;
3939;3;
3940;3;
3941;3;
3942;3;
3943;3;
3944;3;
3945;3;
3946;3;
3947;3;
3948;3;
3949;3;
3950;3;
3951;3;
3952;3;
3953;3;
3954;3;
3955;3;
3956;3;
3957;3;
3958;3;
3959;3;
3960;3;
3961;3;
3962;3;
3963;3;
3964;3;
3965;3;
3966;3;
3967;3;
3968;3;
3969;3;
3970;3;
3971;3;
3972;3;
3973;3;
3974;3;
3975;3;
3976;3;
3977;3;
3978;3;
3979;3;
3980;3;
3981;3;
3982;3;
3983;3;
3984;3;
3985;3;
3986;3;
3987;3;
3988;3;
3989;3;
3990;3;
3991;3;
3992;3;
3993;3;
3994;3;
3995;3;
3996;3;
3997;3;
3998;3;
3999;3;
4000;3;
4001;3;
4002;3;
4003;3;
4004;3;
4005;3;
4006;4;
4007;3;
4008;3;
4009;3;
4010;3;
4011;3;
4012;3;
4013;3;
4014;3;
4015;3;
4016;3;
4017;3;
4018;3;
4019;3;
4020;3;
4021;3;
4022;3;
4023;3;
4024;3;
4025;3;
4026;3;
4027;3;
4028;3;
4029;3;
4030;3;
4031;3;
4032;3;
4033;3;
4034;3;
4035;3;
4036;3;
4037;3;
4038;3;
4039;3;
4040;3;
4041;3;
4042;3;
4043;3;
4044;3;
4045;3;
4046;3;
4047;3;
4048;3;
4049;3;
4050;3;
4051;3;
4052;3;
4053;3;
4054;3;
4055;3;
4056;3;
4057;3;
4058;3;
4059;3;
4060;3;
4061;3;
4062;3;
4063;3;
4064;3;
4065;3;
4066;3;
4067;3;
4068;3;
4069;3;
4070;3;
4071;3;
4072;3;
4073;3;
4074;3;
4075;3;
4076;3;
4077;3;
4078;3;
4079;3;
4080;3;
4081;3;
4082;3;
4083;3;
4084;3;
4085;3;
4086;3;
4087;3;
4088;3;
4089;3;
4090;3;
4091;3;
4092;3;
4093;3;
4094;3;
4095;3;
4096;3;
4097;3;
4098;3;
4099;3;
4100;3;
4101;3;
4102;3;
4103;3;
4104;3;
4105;3;
4106;3;
4107;3;
4108;3;
4109;3;
4110;3;
4111;3;
4112;3;
4113;3;
4114;3;
4115;3;
4116;3;
4117;3;
4118;3;
4119;3;
4120;3;
4121;3;
4122;3;
4123;3;
4124;3;
4125;3;
4126;3;
4127;3;
4128;3;
4129;3;
4130;3;
4131;3;
4132;3;
4133;3;
4134;3;
4135;3;
4136;3;
4137;3;
4138;3;
4139;3;
4140;3;
4141;3;
4142;3;
4143;3;
4144;3;
4145;3;
4146;3;
4147;3;
4148;3;
4149;3;
4150;3;
4151;3;
4152;3;
4153;3;
4154;3;
4155;3;
4156;3;
4157;3;
4158;3;
4159;3;
4160;3;
4161;3;
4162;3;
4163;3;
4164;3;
4165;3;
4166;3;
4167;3;
4168;3;
4169;3;
4170;3;
4171;3;
4172;3;
4173;3;
4174;3;
4175;3;
4176;3;
4177;3;
4178;3;
4179;3;
4180;3;
4181;3;
4182;3;
4183;3;
4184;3;
4185;3;
4186;3;
4187;3;
4188;3;
4189;3;
4190;3;
4191;3;
4192;3;
4193;3;
4194;3;
4195;3;
4196;3;
4197;3;
4198;3;
4199;3;
4200;3;
4201;3;
4202;3;
4203;3;
4204;3;
4205;3;
4206;3;
4207;3;
4208;3;
4209;3;
4210;3;
4211;3;
4212;3;
4213;3;
4214;3;
4215;3;
4216;3;
4217;3;
4218;3;
4219;3;
4220;3;
4221;3;
4222;3;
4223;3;
4224;3;
4225;3;
4226;3;
4227;3;
4228;3;
4229;3;
4230;3;
4231;3;
4232;3;
4233;3;
4234;3;
4235;3;
4236;3;
4237;3;
4238;3;
4239;3;
4240;3;
4241;3;
4242;3;
4243;3;
4244;3;
4245;3;
4246;3;
4247;3;
4248;3;
4249;3;
4250;3;
4251;3;
4252;3;
4253;3;
4254;3;
4255;3;
4256;3;
4257;3;
4258;3;
4259;3;
4260;3;
4261;3;
4262;3;
4263;3;
4264;3;
4265;3;
4266;3;
4267;3;
4268;3;
4269;3;
4270;3;
4271;3;
4272;3;
4273;3;
4274;3;
4275;3;
4276;1;
4277;1;
4278;1;
4279;1;
4280;1;
4281;1;
4282;1;
4283;1;
4284;1;
4285;1;
4286;1;
4287;1;
4288;1;
4289;1;
4290;1;
4291;1;
4292;1;
4293;1;
4294;1;
4295;1;
4296;1;
4297;1;
4298;1;
4299;1;
4300;1;
4301;1;
4302;1;
4303;1;
4304;1;
4305;1;
4306;1;
4307;1;
4308;1;
4309;1;
4310;1;
4311;1;
4312;1;
4313;1;
4314;1;
4315;1;
4316;1;
4317;1;
4318;1;
4319;1;
4320;1;
4321;1;
4322;1;
4323;1;
4324;1;
4325;1;
4326;1;
4327;1;
4328;1;
4329;1;
4330;1;
4331;1;
4332;1;
4333;1;
4334;1;
4335;1;
4336;1;
4337;1;
4338;1;
4339;1;
4340;1;
4341;1;
4342;1;
4343;1;
4344;1;
4345;1;
4346;1;
4347;1;
4348;1;
4349;1;
4350;1;
4351;1;
4352;1;
4353;1;
4354;1;
4355;1;
4356;1;
4357;1;
4358;1;
4359;1;
4360;1;
4361;1;
4362;1;
4363;1;
4364;1;
4365;1;
4366;1;
4367;1;
4368;1;
4369;1;
4370;1;
4371;1;
4372;1;
4373;1;
4374;1;
4375;1;
4376;1;
4377;1;
4378;1;
4379;1;
4380;1;
4381;1;
4382;3;
4383;3;
4384;3;
4385;3;
4386;3;
4387;3;
4388;4;
4389;3;
4390;3;
4391;3;
4392;3;
4393;3;
4394;3;
4395;3;
4396;3;
4397;3;
4398;3;
4399;3;
4400;3;
4401;3;
4402;3;
4403;3;
4404;3;
4405;3;
4406;3;
4407;3;
4408;4;
4409;3;
4410;3;
4411;3;
4412;3;
4413;3;
4414;3;
4415;3;
4416;3;
4417;3;
4418;3;
4419;3;
4420;3;
4421;3;
4422;3;
4423;4;
4424;3;
4425;3;
4426;3;
4427;2;
4428;2;
4429;2;
4430;2;
4431;2;
4432;2;
4433;2;
4434;2;
4435;2;
4436;2;
4437;2;
4438;2;
4439;2;
4440;2;
4441;3;
4442;3;
4443;3;
4444;3;
4445;3;
4446;3;
4447;3;
4448;3;
4449;3;
4450;3;
4451;3;
4452;2;
4453;2;
4454;2;
4455;2;
4456;2;
4457;2;
4458;2;
4459;2;
4460;2;
4461;2;
4462;2;
4463;3;
4464;3;
4465;3;
4466;1;
4467;1;
4468;1;
4469;1;
4470;1;
4471;1;
4472;1;
4473;1;
4474;1;
4475;1;
4476;1;
4477;3;
4478;3;
4479;3;
4480;2;
4481;2;
4482;2;
4483;2;
4484;2;
4485;2;
4486;2;
4487;2;
4488;2;
4489;2;
4490;2;
4491;3;
4492;3;
4493;2;
4494;2;
4495;2;
4496;2;
4497;2;
4498;2;
4499;2;
4500;2;
4501;2;
4502;2;
4503;2;
4504;2;
4505;2;
4506;2;
4507;2;
4508;2;
4509;2;
4510;2;
4511;2;
4512;2;
4513;2;
4514;3;
4515;3;
4516;3;
4517;3;
4518;3;
4519;3;
4520;3;
4521;3;
4522;3;
4523;4;
4524;3;
4525;3;
4526;3;
4527;3;
4528;3;
4529;3;
4530;3;
4531;3;
4532;3;
4533;3;
4534;3;
4535;2;
4536;2;
4537;2;
4538;2;
4539;2;
4540;2;
4541;2;
4542;2;
4543;2;
4544;2;
4545;2;
4546;2;
4547;2;
4548;2;
4549;3;
4550;3;
4551;3;
4552;2;
4553;2;
4554;2;
4555;2;
4556;2;
4557;2;
4558;2;
4559;2;
4560;2;
4561;2;
4562;2;
4563;2;
4564;3;
4565;3;
4566;2;
4567;2;
4568;2;
4569;2;
4570;2;
4571;2;
4572;2;
4573;2;
4574;2;
4575;2;
4576;2;
4577;2;
4578;2;
4579;2;
4580;2;
4581;2;
4582;2;
4583;2;
4584;2;
4585;2;
4586;2;
4587;2;
4588;2;
4589;2;
4590;2;
4591;2;
4592;2;
4593;2;
4594;2;
4595;2;
4596;2;
4597;2;
4598;2;
4599;2;
4600;2;
4601;2;
4602;2;
4603;2;
4604;2;
4605;2;
4606;2;
4607;2;
4608;2;
4609;2;
4610;2;
4611;2;
4612;2;
4613;2;
4614;2;
4615;2;
4616;2;
4617;2;
4618;2;
4619;2;
4620;2;
4621;2;
4622;2;
4623;2;
4624;2;
4625;2;
4626;2;
4627;2;
4628;2;
4629;2;
4630;2;
4631;2;
4632;2;
4633;2;
4634;2;
4635;2;
4636;2;
4637;2;
4638;2;
4639;2;
4640;2;
4641;2;
4642;2;
4643;2;
4644;2;
4645;2;
4646;2;
4647;2;
4648;2;
4649;2;
4650;2;
4651;2;
4652;2;
4653;2;
4654;2;
4655;2;
4656;2;
4657;2;
4658;2;
4659;2;
4660;2;
4661;2;
4662;2;
4663;2;
4664;2;
4665;2;
4666;2;
4667;2;
4668;2;
4669;2;
4670;2;
4671;2;
4672;2;
4673;2;
4674;2;
4675;2;
4676;2;
4677;2;
4678;2;
4679;2;
4680;2;
4681;2;
4682;2;
4683;2;
4684;2;
4685;2;
4686;2;
4687;2;
4688;2;
4689;2;
4690;2;
4691;2;
4692;2;
4693;2;
4694;2;
4695;2;
4696;2;
4697;2;
4698;2;
4699;2;
4700;2;
4701;2;
4702;2;
4703;2;
4704;2;
4705;2;
4706;2;
4707;2;
4708;2;
4709;2;
4710;2;
4711;2;
4712;2;
4713;2;
4714;2;
4715;2;
4716;2;
4717;2;
4718;2;
4719;2;
4720;2;
4721;2;
4722;2;
4723;2;
4724;2;
4725;2;
4726;2;
4727;2;
4728;2;
4729;2;
4730;2;
4731;2;
4732;2;
4733;2;
4734;2;
4735;2;
4736;2;
4737;2;
4738;2;
4739;2;
4740;2;
4741;2;
4742;2;
4743;2;
4744;2;
4745;2;
4746;2;
4747;2;
4748;2;
4749;2;
4750;2;
4751;2;
4752;2;
4753;2;
4754;2;
4755;2;
4756;2;
4757;2;
4758;2;
4759;2;
4760;2;
4761;2;
4762;2;
4763;2;
4764;2;
4765;2;
4766;2;
4767;2;
4768;2;
4769;2;
4770;2;
4771;2;
4772;2;
4773;2;
4774;2;
4775;2;
4776;2;
4777;2;
4778;2;
4779;2;
4780;2;
4781;2;
4782;2;
4783;2;
4784;2;
4785;2;
4786;2;
4787;2;
4788;2;
4789;2;
4790;2;
4791;2;
4792;2;
4793;2;
4794;2;
4795;2;
4796;2;
4797;2;
4798;2;
4799;2;
4800;2;
4801;2;
4802;2;
4803;2;
4804;2;
4805;2;
4806;2;
4807;2;
4808;2;
4809;2;
4810;2;
4811;2;
4812;2;
4813;2;
4814;2;
4815;2;
4816;2;
4817;2;
4818;2;
4819;2;
4820;2;
4821;2;
4822;2;
4823;2;
4824;2;
4825;2;
4826;2;
4827;2;
4828;2;
4829;2;
4830;2;
4831;2;
4832;2;
4833;2;
4834;2;
4835;2;
4836;2;
4837;2;
4838;2;
4839;3;
4840;3;
4841;3;
4842;3;
4843;3;
4844;3;
4845;3;
4846;4;
4847;4;
4848;3;
4849;3;
4850;3;
4851;3;
4852;3;
4853;3;
4854;3;
4855;3;
4856;3;
4857;3;
4858;3;
4859;3;
4860;3;
4861;3;
4862;3;
4863;4;
4864;3;
4865;3;
4866;3;
4867;3;
4868;3;
4869;3;
4870;3;
4871;3;
4872;3;
4873;3;
4874;3;
4875;3;
4876;4;
4877;3;
4878;3;
4879;3;
4880;3;
4881;3;
4882;3;
4883;3;
4884;3;
4885;3;
4886;3;
4887;3;
4888;3;
4889;3;
4890;3;
4891;3;
4892;3;
4893;3;
4894;3;
4895;3;
4896;3;
4897;3;
4898;3;
4899;3;
4900;3;
4901;3;
4902;3;
4903;3;
4904;3;
4905;3;
4906;3;
4907;3;
4908;3;
4909;5;
4910;5;
4911;5;
4912;5;
4913;5;
4914;5;
4915;5;
4916;5;
4917;5;
4918;5;
4919;5;
4920;5;
4921;5;
4922;5;
4923;5;
4924;5;
4925;5;
4926;3;
4927;3;
4928;3;
4929;3;
4930;3;
4931;3;
4932;3;
4933;3;
4934;3;
4935;3;
4936;3;
4937;3;
4938;3;
4939;3;
4940;3;
4941;3;
4942;3;
4943;3;
4944;3;
4945;3;
4946;3;
4947;3;
4948;3;
4949;3;
4950;3;
4951;3;
4952;3;
4953;3;
4954;3;
4955;3;
4956;3;
4957;3;
4958;3;
4959;3;
4960;3;
4961;3;
4962;3;
4963;3;
4964;3;
4965;3;
4966;3;
4967;3;
4968;3;
4969;3;
4970;3;
4971;3;
4972;3;
4973;3;
4974;3;
4975;3;
4976;3;
4977;3;
4978;3;
4979;3;
4980;3;
4981;3;
4982;3;
4983;3;
4984;3;
4985;3;
4986;3;
4987;3;
4988;3;
4989;3;
4990;3;
4991;3;
4992;3;
4993;3;
4994;3;
4995;3;
4996;3;
4997;3;
4998;3;
4999;3;
5000;3;
5001;3;
5002;3;
5003;3;
5004;3;
5005;3;
5006;3;
5007;3;
5008;3;
5009;3;
5010;3;
5011;3;
5012;3;
5013;3;
5014;3;
5015;3;
5016;3;
5017;3;
5018;3;
5019;3;
5020;3;
5021;3;
5022;3;
5023;3;
5024;3;
5025;3;
5026;3;
5027;3;
5028;3;
5029;3;
5030;3;
5031;3;
5032;3;
5033;3;
5034;3;
5035;3;
5036;3;
5037;3;
5038;3;
5039;3;
5040;3;
5041;3;
5042;3;
5043;3;
5044;3;
5045;3;
5046;3;
5047;3;
5048;3;
5049;3;
5050;3;
5051;3;
5052;3;
5053;3;
5054;3;
5055;3;
5056;3;
5057;3;
5058;3;
5059;3;
5060;3;
5061;3;
5062;3;
5063;3;
5064;3;
5065;3;
5066;3;
5067;3;
5068;3;
5069;3;
5070;3;
5071;3;
5072;3;
5073;3;
5074;3;
5075;3;
5076;3;
5077;3;
5078;3;
5079;3;
5080;3;
5081;3;
5082;3;
5083;3;
5084;3;
5085;3;
5086;3;
5087;3;
5088;3;
5089;3;
5090;3;
5091;3;
5092;3;
5093;3;
5094;3;
5095;3;
5096;3;
5097;3;
5098;3;
5099;3;
5100;3;
5101;3;
5102;3;
5103;3;
5104;3;
5105;3;
5106;3;
5107;3;
5108;3;
5109;3;
5110;3;
5111;3;
5112;3;
5113;3;
5114;3;
5115;3;
5116;3;
5117;3;
5118;3;
5119;3;
5120;3;
5121;3;
5122;3;
5123;3;
5124;3;
5125;3;
5126;3;
5127;3;
5128;3;
5129;3;
5130;3;
5131;3;
5132;3;
5133;3;
5134;3;
5135;3;
5136;3;
5137;3;
5138;3;
5139;3;
5140;3;
5141;3;
5142;3;
5143;3;
5144;3;
5145;3;
5146;3;
5147;3;
5148;3;
5149;3;
5150;3;
5151;3;
5152;3;
5153;3;
5154;3;
5155;3;
5156;3;
5157;3;
5158;3;
5159;3;
5160;3;
5161;3;
5162;3;
5163;3;
5164;3;
5165;3;
5166;3;
5167;3;
5168;3;
5169;3;
5170;3;
5171;3;
5172;3;
5173;3;
5174;3;
5175;3;
5176;3;
5177;3;
5178;3;
5179;3;
5180;3;
5181;3;
5182;3;
5183;3;
5184;3;
5185;3;
5186;3;
5187;3;
5188;3;
5189;3;
5190;3;
5191;3;
5192;3;
5193;3;
5194;3;
5195;3;
5196;3;
5197;3;
5198;3;
5199;3;
5200;3;
5201;3;
5202;3;
5203;3;
5204;3;
5205;3;
5206;3;
5207;3;
5208;3;
5209;3;
5210;3;
5211;3;
5212;3;
5213;3;
5214;3;
5215;3;
5216;3;
5217;3;
5218;3;
5219;3;
5220;3;
5221;3;
5222;3;
5223;3;
5224;3;
5225;3;
5226;3;
5227;3;
5228;3;
5229;3;
5230;3;
5231;3;
5232;3;
5233;3;
5234;3;
5235;3;
5236;3;
5237;3;
5238;3;
5239;3;
5240;3;
5241;3;
5242;3;
5243;3;
5244;2;
5245;2;
5246;2;
5247;2;
5248;2;
5249;2;
5250;2;
5251;2;
5252;2;
5253;3;
5254;3;
5255;3;
5256;3;
5257;3;
5258;3;
5259;3;
5260;3;
5261;3;
5262;3;
5263;3;
5264;3;
5265;3;
5266;3;
5267;3;
5268;3;
5269;3;
5270;3;
5271;3;
5272;3;
5273;3;
5274;3;
5275;3;
5276;3;
5277;3;
5278;3;
5279;3;
5280;3;
5281;3;
5282;3;
5283;3;
5284;3;
5285;3;
5286;3;
5287;3;
5288;3;
5289;3;
5290;3;
5291;3;
5292;3;
5293;3;
5294;3;
5295;3;
5296;3;
5297;3;
5298;3;
5299;3;
5300;3;
5301;3;
5302;3;
5303;3;
5304;3;
5305;3;
5306;3;
5307;3;
5308;3;
5309;3;
5310;3;
5311;3;
5312;3;
5313;3;
5314;3;
5315;3;
5316;3;
5317;3;
5318;3;
5319;3;
5320;3;
5321;3;
5322;3;
5323;3;
5324;3;
5325;3;
5326;3;
5327;3;
5328;3;
5329;3;
5330;3;
5331;3;
5332;3;
5333;3;
5334;3;
5335;3;
5336;3;
5337;3;
5338;3;
5339;3;
5340;3;
5341;3;
5342;3;
5343;3;
5344;3;
5345;3;
5346;3;
5347;3;
5348;3;
5349;3;
5350;3;
5351;3;
5352;3;
5353;3;
5354;3;
5355;3;
5356;3;
5357;3;
5358;3;
5359;3;
5360;3;
5361;3;
5362;3;
5363;3;
5364;3;
5365;3;
5366;3;
5367;3;
5368;3;
5369;3;
5370;3;
5371;3;
5372;3;
5373;3;
5374;3;
5375;3;
5376;3;
5377;3;
5378;3;
5379;3;
5380;3;
5381;3;
5382;3;
5383;3;
5384;3;
5385;3;
5386;3;
5387;3;
5388;3;
5389;3;
5390;3;
5391;3;
5392;3;
5393;3;
5394;3;
5395;3;
5396;3;
5397;3;
5398;3;
5399;3;
5400;3;
5401;3;
5402;3;
5403;3;
5404;3;
5405;3;
5406;3;
5407;3;
5408;3;
5409;3;
5410;3;
5411;3;
5412;3;
5413;3;
5414;3;
5415;3;
5416;3;
5417;3;
5418;3;
5419;3;
5420;3;
5421;3;
5422;3;
5423;3;
5424;3;
5425;3;
5426;3;
5427;3;
5428;3;
5429;3;
5430;3;
5431;3;
5432;3;
5433;3;
5434;3;
5435;3;
5436;3;
5437;3;
5438;3;
5439;3;
5440;3;
5441;3;
5442;3;
5443;3;
5444;3;
5445;3;
5446;3;
5447;3;
5448;3;
5449;3;
5450;3;
5451;3;
5452;3;
5453;3;
5454;3;
5455;3;
5456;3;
5457;3;
5458;3;
5459;3;
5460;3;
5461;3;
5462;3;
5463;3;
5464;3;
5465;3;
5466;3;
5467;3;
5468;3;
5469;3;
5470;3;
5471;3;
5472;3;
5473;3;
5474;3;
5475;3;
5476;3;
5477;3;
5478;3;
5479;3;
5480;3;
5481;3;
5482;3;
5483;3;
5484;3;
5485;3;
5486;3;
5487;3;
5488;3;
5489;3;
5490;3;
5491;3;
5492;3;
5493;3;
5494;3;
5495;3;
5496;3;
5497;3;
5498;3;
5499;3;
5500;3;
5501;3;
5502;3;
5503;3;
5504;3;
5505;3;
5506;3;
5507;3;
5508;3;
5509;3;
5510;3;
5511;3;
5512;3;
5513;3;
5514;3;
5515;3;
5516;3;
5517;3;
5518;3;
5519;3;
5520;3;
5521;3;
5522;3;
5523;3;
5524;3;
5525;3;
5526;3;
5527;3;
5528;3;
5529;3;
5530;3;
5531;3;
5532;2;
5533;2;
5534;2;
5535;2;
5536;2;
5537;2;
5538;2;
5539;2;
5540;2;
5541;2;
5542;2;
5543;2;
5544;2;
5545;3;
5546;3;
5547;3;
5548;3;
5549;3;
5550;3;
5551;3;
5552;3;
5553;3;
5554;3;
5555;3;
5556;3;
5557;3;
5558;3;
5559;3;
5560;3;
5561;3;
5562;3;
5563;3;
5564;3;
5565;3;
5566;3;
5567;3;
5568;3;
5569;3;
5570;3;
5571;3;
5572;3;
5573;3;
5574;3;
5575;3;
5576;3;
5577;3;
5578;3;
5579;3;
5580;3;
5581;3;
5582;3;
5583;3;
5584;3;
5585;3;
5586;3;
5587;3;
5588;3;
5589;3;
5590;3;
5591;3;
5592;3;
5593;3;
5594;3;
5595;3;
5596;3;
5597;3;
5598;3;
5599;3;
5600;3;
5601;3;
5602;3;
5603;3;
5604;3;
5605;3;
5606;3;
5607;3;
5608;3;
5609;3;
5610;3;
5611;3;
5612;3;
5613;3;
5614;3;
5615;3;
5616;3;
5617;3;
5618;3;
5619;3;
5620;3;
5621;3;
5622;3;
5623;3;
5624;3;
5625;3;
5626;3;
5627;3;
5628;3;
5629;3;
5630;3;
5631;3;
5632;3;
5633;3;
5634;3;
5635;3;
5636;3;
5637;3;
5638;3;
5639;3;
5640;3;
5641;3;
5642;3;
5643;3;
5644;3;
5645;3;
5646;3;
5647;3;
5648;3;
5649;3;
5650;3;
5651;3;
5652;3;
5653;3;
5654;3;
5655;3;
5656;3;
5657;3;
5658;3;
5659;3;
5660;3;
5661;3;
5662;3;
5663;3;
5664;3;
5665;3;
5666;3;
5667;3;
5668;3;
5669;3;
5670;3;
5671;3;
5672;3;
5673;3;
5674;3;
5675;3;
5676;3;
5677;3;
5678;3;
5679;3;
5680;3;
5681;3;
5682;3;
5683;3;
5684;3;
5685;3;
5686;3;
5687;3;
5688;3;
5689;3;
5690;3;
5691;3;
5692;3;
5693;3;
5694;3;
5695;3;
5696;3;
5697;3;
5698;3;
5699;3;
5700;3;
5701;3;
5702;3;
5703;3;
5704;3;
5705;3;
5706;3;
5707;3;
5708;3;
5709;3;
5710;3;
5711;3;
5712;3;
5713;3;
5714;3;
5715;3;
5716;3;
5717;3;
5718;3;
5719;3;
5720;3;
5721;3;
5722;3;
5723;3;
5724;3;
5725;3;
5726;3;
5727;3;
5728;3;
5729;3;
5730;3;
5731;3;
5732;3;
5733;3;
5734;3;
5735;3;
5736;3;
5737;3;
5738;3;
5739;3;
5740;3;
5741;3;
5742;3;
5743;3;
5744;3;
5745;3;
5746;3;
5747;3;
5748;3;
5749;3;
5750;3;
5751;3;
5752;3;
5753;3;
5754;3;
5755;3;
5756;3;
5757;3;
5758;3;
5759;3;
5760;3;
5761;3;
5762;3;
5763;3;
5764;3;
5765;3;
5766;3;
5767;3;
5768;3;
5769;3;
5770;3;
5771;3;
5772;3;
5773;3;
5774;3;
5775;3;
5776;3;
5777;3;
5778;3;
5779;3;
5780;3;
5781;3;
5782;3;
5783;3;
5784;3;
5785;3;
5786;3;
5787;3;
5788;3;
5789;3;
5790;3;
5791;3;
5792;3;
5793;3;
5794;3;
5795;3;
5796;3;
5797;3;
5798;3;
5799;3;
5800;3;
5801;3;
5802;3;
5803;3;
5804;3;
5805;3;
5806;3;
5807;3;
5808;3;
5809;3;
5810;3;
5811;3;
5812;3;
5813;3;
5814;3;
5815;3;
5816;3;
5817;3;
5818;3;
5819;3;
5820;3;
5821;3;
5822;3;
5823;3;
5824;3;
5825;3;
5826;3;
5827;3;
5828;3;
5829;3;
5830;3;
5831;3;
5832;3;
5833;3;
5834;3;
5835;3;
5836;3;
5837;3;
5838;3;
5839;3;
5840;3;
5841;3;
5842;3;
5843;3;
5844;3;
5845;3;
5846;3;
5847;3;
5848;3;
5849;3;
5850;3;
5851;3;
5852;3;
5853;3;
5854;3;
5855;3;
5856;2;
5857;2;
5858;2;
5859;2;
5860;2;
5861;2;
5862;2;
5863;2;
5864;2;
5865;2;
5866;2;
5867;2;
5868;2;
5869;2;
5870;2;
5871;2;
5872;2;
5873;2;
5874;2;
5875;2;
5876;2;
5877;2;
5878;2;
5879;2;
5880;2;
5881;2;
5882;2;
5883;2;
5884;2;
5885;2;
5886;2;
5887;2;
5888;2;
5889;2;
5890;2;
5891;2;
5892;2;
5893;2;
5894;2;
5895;2;
5896;2;
5897;2;
5898;2;
5899;2;
5900;2;
5901;2;
5902;2;
5903;2;
5904;2;
5905;2;
5906;2;
5907;2;
5908;2;
5909;2;
5910;2;
5911;2;
5912;2;
5913;2;
5914;2;
5915;2;
5916;2;
5917;2;
5918;2;
5919;2;
5920;2;
5921;2;
5922;2;
5923;2;
5924;2;
5925;2;
5926;2;
5927;2;
5928;2;
5929;2;
5930;2;
5931;2;
5932;2;
5933;2;
5934;2;
5935;2;
5936;2;
5937;2;
5938;2;
5939;2;
5940;2;
5941;2;
5942;2;
5943;2;
5944;2;
5945;2;
5946;2;
5947;2;
5948;2;
5949;2;
5950;2;
5951;2;
5952;2;
5953;2;
5954;2;
5955;2;
5956;2;
5957;2;
5958;2;
5959;2;
5960;2;
5961;2;
5962;2;
5963;2;
5964;2;
5965;2;
5966;2;
5967;2;
5968;2;
5969;2;
5970;2;
5971;2;
5972;2;
5973;2;
5974;2;
5975;2;
5976;2;
5977;2;
5978;2;
5979;2;
5980;2;
5981;2;
5982;2;
5983;2;
5984;2;
5985;2;
5986;2;
5987;2;
5988;2;
5989;2;
5990;2;
5991;2;
5992;2;
5993;2;
5994;2;
5995;2;
5996;2;
5997;2;
5998;2;
5999;2;
6000;2;
6001;2;
6002;2;
6003;2;
6004;2;
6005;2;
6006;2;
6007;2;
6008;2;
6009;2;
6010;2;
6011;2;
6012;2;
6013;2;
6014;2;
6015;2;
6016;2;
6017;2;
6018;2;
6019;2;
6020;2;
6021;2;
6022;2;
6023;2;
6024;2;
6025;2;
6026;2;
6027;2;
6028;2;
6029;2;
6030;2;
6031;2;
6032;2;
6033;2;
6034;2;
6035;2;
6036;2;
6037;2;
6038;2;
6039;2;
6040;2;
6041;2;
6042;2;
6043;2;
6044;2;
6045;2;
6046;2;
6047;2;
6048;2;
6049;2;
6050;2;
6051;2;
6052;2;
6053;2;
6054;2;
6055;2;
6056;2;
6057;2;
6058;2;
6059;2;
6060;2;
6061;2;
6062;2;
6063;2;
6064;2;
6065;2;
6066;2;
6067;2;
6068;2;
6069;2;
6070;2;
6071;2;
6072;2;
6073;2;
6074;2;
6075;2;
6076;2;
6077;2;
6078;2;
6079;2;
6080;2;
6081;2;
6082;2;
6083;2;
6084;2;
6085;2;
6086;2;
6087;2;
6088;2;
6089;2;
6090;2;
6091;2;
6092;2;
6093;2;
6094;2;
6095;2;
6096;2;
6097;2;
6098;2;
6099;2;
6100;2;
6101;2;
6102;2;
6103;2;
6104;2;
6105;2;
6106;2;
6107;2;
6108;2;
6109;2;
6110;2;
6111;2;
6112;2;
6113;2;
6114;2;
6115;2;
6116;2;
6117;2;
6118;2;
6119;2;
6120;2;
6121;3;
6122;3;
6123;3;
6124;3;
6125;3;
6126;3;
6127;3;
6128;3;
6129;4;
6130;4;
6131;4;
6132;4;
6133;3;
6134;3;
6135;3;
6136;3;
6137;3;
6138;3;
6139;3;
6140;3;
6141;3;
6142;3;
6143;3;
6144;3;
6145;3;
6146;3;
6147;3;
6148;3;
6149;3;
6150;3;
6151;5;
6152;5;
6153;5;
6154;5;
6155;5;
6156;5;
6157;5;
6158;5;
6159;5;
6160;5;
6161;5;
6162;5;
6163;5;
6164;5;
6165;5;
6166;5;
6167;5;
6168;5;
6169;5;
6170;5;
6171;5;
6172;5;
6173;5;
6174;5;
6175;5;
6176;5;
6177;3;
6178;3;
6179;3;
6180;3;
6181;3;
6182;3;
6183;3;
6184;3;
6185;3;
6186;3;
6187;3;
6188;3;
6189;3;
6190;3;
6191;3;
6192;3;
6193;3;
6194;3;
6195;3;
6196;3;
6197;3;
6198;3;
6199;3;
6200;3;
6201;3;
6202;3;
6203;3;
6204;3;
6205;3;
6206;3;
6207;3;
6208;3;
6209;3;
6210;3;
6211;3;
6212;3;
6213;3;
6214;3;
6215;3;
6216;3;
6217;3;
6218;3;
6219;3;
6220;3;
6221;3;
6222;3;
6223;3;
6224;3;
6225;3;
6226;3;
6227;3;
6228;3;
6229;3;
6230;3;
6231;3;
6232;3;
6233;3;
6234;3;
6235;3;
6236;3;
6237;3;
6238;3;
6239;3;
6240;3;
6241;3;
6242;4;
6243;3;
6244;3;
6245;3;
6246;3;
6247;3;
6248;3;
6249;3;
6250;3;
6251;3;
6252;3;
6253;3;
6254;3;
6255;3;
6256;3;
6257;3;
6258;3;
6259;3;
6260;3;
6261;3;
6262;3;
6263;3;
6264;3;
6265;3;
6266;3;
6267;3;
6268;3;
6269;3;
6270;3;
6271;3;
6272;3;
6273;3;
6274;3;
6275;3;
6276;3;
6277;3;
6278;3;
6279;3;
6280;3;
6281;3;
6282;3;
6283;3;
6284;3;
6285;2;
6286;2;
6287;2;
6288;2;
6289;2;
6290;2;
6291;2;
6292;2;
6293;2;
6294;3;
6295;3;
6296;3;
6297;3;
6298;3;
6299;3;
6300;3;
6301;3;
6302;3;
6303;3;
6304;3;
6305;3;
6306;3;
6307;2;
6308;2;
6309;2;
6310;2;
6311;2;
6312;2;
6313;2;
6314;2;
6315;2;
6316;2;
6317;2;
6318;2;
6319;2;
6320;3;
6321;3;
6322;3;
6323;3;
6324;3;
6325;3;
6326;3;
6327;3;
6328;3;
6329;3;
6330;3;
6331;3;
6332;3;
6333;3;
6334;3;
6335;3;
6336;3;
6337;3;
6338;3;
6339;3;
6340;3;
6341;3;
6342;3;
6343;3;
6344;3;
6345;3;
6346;3;
6347;3;
6348;3;
6349;3;
6350;3;
6351;3;
6352;3;
6353;3;
6354;3;
6355;3;
6356;3;
6357;3;
6358;3;
6359;3;
6360;3;
6361;3;
6362;3;
6363;3;
6364;3;
6365;3;
6366;3;
6367;3;
6368;3;
6369;3;
6370;3;
6371;3;
6372;3;
6373;3;
6374;3;
6375;3;
6376;3;
6377;3;
6378;3;
6379;3;
6380;3;
6381;3;
6382;3;
6383;3;
6384;3;
6385;3;
6386;3;
6387;3;
6388;3;
6389;3;
6390;3;
6391;3;
6392;3;
6393;3;
6394;3;
6395;3;
6396;3;
6397;3;
6398;3;
6399;3;
6400;3;
6401;3;
6402;3;
6403;3;
6404;3;
6405;3;
6406;3;
6407;3;
6408;3;
6409;3;
6410;3;
6411;3;
6412;3;
6413;3;
6414;3;
6415;3;
6416;3;
6417;3;
6418;3;
6419;3;
6420;3;
6421;3;
6422;3;
6423;3;
6424;3;
6425;3;
6426;3;
6427;3;
6428;3;
6429;3;
6430;3;
6431;3;
6432;3;
6433;3;
6434;3;
6435;3;
6436;3;
6437;3;
6438;3;
6439;3;
6440;3;
6441;3;
6442;3;
6443;3;
6444;3;
6445;3;
6446;3;
6447;3;
6448;3;
6449;3;
6450;3;
6451;3;
6452;3;
6453;3;
6454;3;
6455;3;
6456;3;
6457;3;
6458;3;
6459;3;
6460;3;
6461;3;
6462;3;
6463;3;
6464;3;
6465;3;
6466;3;
6467;3;
6468;3;
6469;3;
6470;3;
6471;3;
6472;3;
6473;3;
6474;3;
6475;3;
6476;3;
6477;3;
6478;3;
6479;3;
6480;3;
6481;3;
6482;3;
6483;3;
6484;3;
6485;3;
6486;3;
6487;3;
6488;3;
6489;3;
6490;3;
6491;3;
6492;3;
6493;3;
6494;3;
6495;3;
6496;3;
6497;3;
6498;3;
6499;3;
6500;3;
6501;3;
6502;3;
6503;3;
6504;3;
6505;3;
6506;3;
6507;3;
6508;3;
6509;3;
6510;3;
6511;3;
6512;3;
6513;3;
6514;3;
6515;3;
6516;3;
6517;3;
6518;3;
6519;3;
6520;3;
6521;3;
6522;3;
6523;3;
6524;3;
6525;3;
6526;3;
6527;3;
6528;3;
6529;3;
6530;3;
6531;3;
6532;3;
6533;3;
6534;3;
6535;3;
6536;3;
6537;3;
6538;3;
6539;3;
6540;3;
6541;3;
6542;3;
6543;3;
6544;3;
6545;3;
6546;3;
6547;3;
6548;3;
6549;3;
6550;3;
6551;3;
6552;3;
6553;3;
6554;3;
6555;3;
6556;3;
6557;3;
6558;3;
6559;3;
6560;3;
6561;3;
6562;3;
6563;3;
6564;3;
6565;3;
6566;3;
6567;3;
6568;3;
6569;3;
6570;3;
6571;3;
6572;3;
6573;3;
6574;3;
6575;3;
6576;3;
6577;3;
6578;3;
6579;3;
6580;3;
6581;3;
6582;3;
6583;3;
6584;3;
6585;3;
6586;3;
6587;3;
6588;3;
6589;3;
6590;3;
6591;3;
6592;3;
6593;3;
6594;3;
6595;3;
6596;3;
6597;3;
6598;3;
6599;3;
6600;3;
6601;3;
6602;3;
6603;3;
6604;3;
6605;3;
6606;3;
6607;3;
6608;3;
6609;3;
6610;3;
6611;3;
6612;3;
6613;3;
6614;3;
6615;3;
6616;3;
6617;3;
6618;3;
6619;3;
6620;3;
6621;3;
6622;3;
6623;3;
6624;3;
6625;3;
6626;3;
6627;3;
6628;3;
6629;3;
6630;3;
6631;3;
6632;3;
6633;3;
6634;3;
6635;3;
6636;3;
6637;3;
6638;3;
6639;3;
6640;3;
6641;3;
6642;3;
6643;3;
6644;3;
6645;3;
6646;3;
6647;3;
6648;3;
6649;3;
6650;3;
6651;3;
6652;3;
6653;3;
6654;3;
6655;3;
6656;3;
6657;3;
6658;3;
6659;3;
6660;3;
6661;3;
6662;3;
6663;3;
6664;3;
6665;3;
6666;3;
6667;3;
6668;3;
6669;3;
6670;3;
6671;3;
6672;3;
6673;3;
6674;3;
6675;3;
6676;3;
6677;3;
6678;3;
6679;3;
6680;3;
6681;3;
6682;3;
6683;3;
6684;3;
6685;3;
6686;3;
6687;3;
6688;3;
6689;3;
6690;3;
6691;3;
6692;3;
6693;3;
6694;3;
6695;3;
6696;3;
6697;3;
6698;3;
6699;3;
6700;3;
6701;3;
6702;3;
6703;3;
6704;3;
6705;3;
6706;3;
6707;3;
6708;3;
6709;3;
6710;3;
6711;3;
6712;3;
6713;3;
6714;3;
6715;3;
6716;3;
6717;3;
6718;3;
6719;3;
6720;3;
6721;3;
6722;3;
6723;3;
6724;3;
6725;3;
6726;3;
6727;3;
6728;3;
6729;3;
6730;3;
6731;3;
6732;3;
6733;3;
6734;3;
6735;3;
6736;3;
6737;3;
6738;3;
6739;3;
6740;3;
6741;3;
6742;3;
6743;3;
6744;3;
6745;3;
6746;3;
6747;3;
6748;3;
6749;3;
6750;3;
6751;3;
6752;3;
6753;3;
6754;3;
6755;3;
6756;3;
6757;3;
6758;3;
6759;3;
6760;3;
6761;3;
6762;3;
6763;3;
6764;3;
6765;3;
6766;3;
6767;3;
6768;3;
6769;3;
6770;3;
6771;3;
6772;3;
6773;3;
6774;3;
6775;3;
6776;3;
6777;3;
6778;3;
6779;3;
6780;3;
6781;3;
6782;3;
6783;3;
6784;3;
6785;3;
6786;3;
6787;3;
6788;3;
6789;3;
6790;3;
6791;3;
6792;3;
6793;3;
6794;3;
6795;3;
6796;3;
6797;3;
6798;3;
6799;3;
6800;3;
6801;3;
6802;3;
6803;3;
6804;3;
6805;3;
6806;3;
6807;3;
6808;3;
6809;3;
6810;3;
6811;3;
6812;3;
6813;3;
6814;3;
6815;3;
6816;3;
6817;3;
6818;3;
6819;3;
6820;3;
6821;3;
6822;3;
6823;3;
6824;3;
6825;3;
6826;3;
6827;3;
6828;3;
6829;3;
6830;3;
6831;3;
6832;3;
6833;3;
6834;3;
6835;3;
6836;4;
6837;3;
6838;3;
6839;3;
6840;3;
6841;3;
6842;3;
6843;3;
6844;3;
6845;3;
6846;3;
6847;3;
6848;3;
6849;3;
6850;3;
6851;3;
6852;3;
6853;3;
6854;3;
6855;3;
6856;3;
6857;3;
6858;3;
6859;3;
6860;3;
6861;3;
6862;3;
6863;3;
6864;3;
6865;3;
6866;3;
6867;3;
6868;3;
6869;3;
6870;3;
6871;3;
6872;3;
6873;3;
6874;3;
6875;3;
6876;3;
6877;3;
6878;3;
6879;3;
6880;3;
6881;3;
6882;3;
6883;3;
6884;3;
6885;3;
6886;3;
6887;3;
6888;3;
6889;3;
6890;3;
6891;3;
6892;3;
6893;3;
6894;3;
6895;3;
6896;3;
6897;3;
6898;3;
6899;3;
6900;3;
6901;3;
6902;3;
6903;3;
6904;3;
6905;3;
6906;3;
6907;3;
6908;3;
6909;3;
6910;3;
6911;3;
6912;3;
6913;3;
6914;3;
6915;3;
6916;3;
6917;3;
6918;3;
6919;3;
6920;3;
6921;3;
6922;3;
6923;3;
6924;3;
6925;3;
6926;3;
6927;3;
6928;3;
6929;3;
6930;3;
6931;3;
6932;3;
6933;3;
6934;3;
6935;3;
6936;3;
6937;3;
6938;3;
6939;3;
6940;3;
6941;3;
6942;3;
6943;3;
6944;3;
6945;3;
6946;3;
6947;3;
6948;3;
6949;3;
6950;3;
6951;3;
6952;3;
6953;3;
6954;3;
6955;3;
6956;3;
6957;3;
6958;3;
6959;3;
6960;3;
6961;3;
6962;3;
6963;3;
6964;3;
6965;1;
6966;1;
6967;1;
6968;1;
6969;1;
6970;1;
6971;1;
6972;1;
6973;1;
6974;1;
6975;1;
6976;1;
6977;1;
6978;1;
6979;1;
6980;1;
6981;1;
6982;1;
6983;1;
6984;1;
6985;1;
6986;1;
6987;1;
6988;1;
6989;1;
6990;1;
6991;1;
6992;1;
6993;1;
6994;1;
6995;1;
6996;1;
6997;1;
6998;1;
6999;1;
7000;1;
7001;1;
7002;1;
7003;1;
7004;1;
7005;1;
7006;1;
7007;1;
7008;1;
7009;1;
7010;1;
7011;1;
7012;1;
7013;1;
7014;1;
7015;1;
7016;1;
7017;1;
7018;1;
7019;1;
7020;1;
7021;1;
7022;1;
7023;1;
7024;1;
7025;1;
7026;1;
7027;1;
7028;1;
7029;1;
7030;1;
7031;1;
7032;1;
7033;1;
7034;1;
7035;1;
7036;1;
7037;1;
7038;1;
7039;1;
7040;1;
7041;1;
7042;1;
7043;1;
7044;1;
7045;1;
7046;1;
7047;1;
7048;1;
7049;1;
7050;1;
7051;1;
7052;1;
7053;1;
7054;1;
7055;1;
7056;1;
7057;1;
7058;5;
7059;5;
7060;5;
7061;5;
7062;5;
7063;5;
7064;5;
7065;5;
7066;5;
7067;5;
7068;5;
7069;5;
7070;5;
7071;5;
7072;5;
7073;5;
7074;5;
7075;2;
7076;2;
7077;2;
7078;2;
7079;2;
7080;2;
7081;2;
7082;2;
7083;3;
7084;3;
7085;3;
7086;3;
7087;3;
7088;3;
7089;3;
7090;3;
7091;4;
7092;4;
7093;4;
7094;4;
7095;4;
7096;4;
7097;4;
7098;4;
7099;4;
7100;3;
7101;3;
7102;3;
7103;3;
7104;1;
7105;1;
7106;1;
7107;1;
7108;1;
7109;1;
7110;1;
7111;1;
7112;1;
7113;1;
7114;1;
7115;3;
7116;3;
7117;3;
7118;3;
7119;3;
7120;3;
7121;3;
7122;2;
7123;2;
7124;2;
7125;2;
7126;2;
7127;2;
7128;2;
7129;2;
7130;2;
7131;2;
7132;2;
7133;3;
7134;3;
7135;3;
7136;3;
7137;3;
7138;4;
7139;4;
7140;4;
7141;4;
7142;4;
7143;3;
7144;3;
7145;3;
7146;3;
7147;3;
7148;3;
7149;3;
7150;3;
7151;3;
7152;3;
7153;3;
7154;3;
7155;3;
7156;4;
7157;4;
7158;4;
7159;4;
7160;4;
7161;3;
7162;3;
7163;3;
7164;3;
7165;3;
7166;4;
7167;3;
7168;3;
7169;3;
7170;3;
7171;3;
7172;3;
7173;3;
7174;3;
7175;4;
7176;3;
7177;3;
7178;3;
7179;3;
7180;3;
7181;2;
7182;2;
7183;2;
7184;2;
7185;2;
7186;2;
7187;2;
7188;2;
7189;2;
7190;2;
7191;3;
7192;3;
7193;3;
7194;3;
7195;3;
7196;3;
7197;3;
7198;3;
7199;3;
7200;3;
7201;3;
7202;3;
7203;3;
7204;3;
7205;3;
7206;3;
7207;3;
7208;3;
7209;3;
7210;3;
7211;3;
7212;3;
7213;3;
7214;3;
7215;3;
7216;3;
7217;3;
7218;3;
7219;3;
7220;3;
7221;3;
7222;3;
7223;3;
7224;3;
7225;3;
7226;3;
7227;3;
7228;3;
7229;3;
7230;3;
7231;3;
7232;3;
7233;3;
7234;3;
7235;3;
7236;3;
7237;3;
7238;3;
7239;3;
7240;3;
7241;3;
7242;3;
7243;3;
7244;3;
7245;3;
7246;3;
7247;3;
7248;3;
7249;3;
7250;3;
7251;3;
7252;3;
7253;3;
7254;3;
7255;3;
7256;3;
7257;3;
7258;3;
7259;3;
7260;3;
7261;3;
7262;3;
7263;3;
7264;3;
7265;3;
7266;3;
7267;3;
7268;3;
7269;3;
7270;3;
7271;3;
7272;3;
7273;3;
7274;3;
7275;3;
7276;3;
7277;3;
7278;3;
7279;3;
7280;3;
7281;3;
7282;3;
7283;3;
7284;3;
7285;3;
7286;3;
7287;3;
7288;3;
7289;3;
7290;3;
7291;3;
7292;3;
7293;3;
7294;3;
7295;3;
7296;3;
7297;3;
7298;3;
7299;3;
7300;3;
7301;3;
7302;3;
7303;3;
7304;4;
7305;4;
7306;4;
7307;4;
7308;4;
7309;5;
7310;5;
7311;5;
7312;5;
7313;5;
7314;5;
7315;5;
7316;5;
7317;5;
7318;5;
7319;5;
7320;5;
7321;5;
7322;5;
7323;5;
7324;5;
7325;5;
7326;3;
7327;3;
7328;3;
7329;3;
7330;3;
7331;3;
7332;3;
7333;3;
7334;3;
7335;3;
7336;3;
7337;3;
7338;3;
7339;3;
7340;3;
7341;3;
7342;3;
7343;3;
7344;3;
7345;3;
7346;3;
7347;3;
7348;3;
7349;3;
7350;3;
7351;3;
7352;3;
7353;3;
7354;3;
7355;3;
7356;3;
7357;3;
7358;3;
7359;3;
7360;3;
7361;3;
7362;3;
7363;3;
7364;4;
7365;4;
7366;4;
7367;4;
7368;4;
7369;4;
7370;3;
7371;3;
7372;3;
7373;3;
7374;3;
7375;3;
7376;3;
7377;3;
7378;3;
7379;3;
7380;3;
7381;3;
7382;3;
7383;3;
7384;3;
7385;3;
7386;3;
7387;3;
7388;3;
7389;3;
